replayTaskStats OAI21 configure {0.01 0.0 0.0 0.0 1 0.00800704956055 engnx02a.utdallas.edu 1729737333.0 1729737333.0 1}
replayTaskStats OAI21 configure {0.19 0.01 0.0 0.0 1 0.222584962845 engnx02a.utdallas.edu 1729737384.82 1729737385.04 1}
replayTaskStats OAI21 configure {0.15 0.0 0.0 0.0 1 3.21261787415 engnx02a.utdallas.edu 1729737474.29 1729737477.51 1}
replayTaskStats OAI21 delay__B__lh__OUT__hl__ACQ_1 {0.09 0.01 6.3 0.67 1 7.13099694252 engnx02a.utdallas.edu 1729737486.74 1729737493.87 1 0.0768730640411 7.05124402046 0.00234484672546 0.00714516639709 0.000855922698975 7.02262592316 0.0 0.0 0.0 0.0 0.0 0.0 0.0 0.0}
replayTaskStats OAI21 delay__B__hl__OUT__lh__ACQ_1 {0.13 0.02 6.07 0.75 1 6.92281794548 engnx02a.utdallas.edu 1729737493.87 1729737500.79 1 0.120079040527 6.80014300346 0.00184988975525 0.00697016716003 0.000631093978882 6.77421188354 0.0 0.0 0.0 0.0 0.0 0.0 0.0 0.0}
replayTaskStats OAI21 delay__C__lh__OUT__hl__ACQ_1 {0.06 0.01 6.1 0.79 1 8.14061522484 engnx02a.utdallas.edu 1729737500.79 1729737508.93 1 0.0379331111908 8.09715104103 0.002121925354 1.22889184952 0.000714063644409 6.84883785248 0.0 0.0 0.0 0.0 0.0 0.0 0.0 0.0}
replayTaskStats OAI21 delay__C__hl__OUT__lh__ACQ_1 {0.06 0.0 6.0 0.78 1 9.3290450573 engnx02a.utdallas.edu 1729737508.94 1729737518.27 1 0.941777944565 8.22803783417 0.138599157333 0.557668924332 0.000669002532959 7.22451901436 0.0 0.0 0.0 0.0 0.0 0.0 0.0 0.0}
replayTaskStats OAI21 delay__A__lh__OUT__hl__ACQ_1 {0.06 0.01 6.18 0.75 1 8.82373404503 engnx02a.utdallas.edu 1729737518.27 1729737527.09 1 0.201735019684 8.55206108093 0.00199604034424 0.00604104995728 0.000699996948242 8.52610993385 0.0 0.0 0.0 0.0 0.0 0.0 0.0 0.0}
replayTaskStats OAI21 delay__A__hl__OUT__lh__ACQ_1 {0.07 0.0 6.14 0.72 1 6.91856098175 engnx02a.utdallas.edu 1729737527.09 1729737534.01 1 0.0416071414948 6.8742890358 0.00191402435303 0.00988698005676 0.000710010528564 6.84424901009 0.0 0.0 0.0 0.0 0.0 0.0 0.0 0.0}
replayTaskStats OAI21 leakage_power__ACQ_1 {0.04 0.01 5.96 0.65 1 6.61264896393 engnx02a.utdallas.edu 1729737534.01 1729737540.62 1 0.0296621322632 6.57961893082 0.00192213058472 0.00417280197144 0.00184392929077 6.56013298035 0.0 0.0 0.0 0.0 0.0 0.0 0.0 0.0}
replayTaskStats OAI21 Cin__VSS__lh__ACQ_1 {0.05 0.01 6.16 0.73 1 6.91909003258 engnx02a.utdallas.edu 1729737540.62 1729737547.54 1 0.0379359722137 6.87835502625 0.00221800804138 0.00806498527527 0.000781059265137 6.85406589508 0.0 0.0 0.0 0.0 0.0 0.0 0.0 0.0}
replayTaskStats OAI21 Cin__VSS__hl__ACQ_1 {0.05 0.01 6.02 0.69 1 6.80397701263 engnx02a.utdallas.edu 1729737547.54 1729737554.35 1 0.0343050956726 6.76709294319 0.00256896018982 0.0042769908905 0.000638008117676 6.74759697914 0.0 0.0 0.0 0.0 0.0 0.0 0.0 0.0}
replayTaskStats OAI21 Cin__VDD__lh__ACQ_1 {0.04 0.0 6.04 0.72 1 7.48324179649 engnx02a.utdallas.edu 1729737554.35 1729737561.83 1 0.0321559906006 7.44851493835 0.00202703475952 0.712147951126 0.00065803527832 6.72199416161 0.0 0.0 0.0 0.0 0.0 0.0 0.0 0.0}
replayTaskStats OAI21 Cin__VDD__hl__ACQ_1 {0.04 0.01 5.97 0.72 1 7.84430503845 engnx02a.utdallas.edu 1729737561.83 1729737569.68 1 0.274410963058 7.48878908157 0.00194811820984 0.524688005447 0.000648975372314 6.70612192154 0.0 0.0 0.0 0.0 0.0 0.0 0.0 0.0}
replayTaskStats OAI21 modeling {0.18 0.01 0.0 0.0 1 0.195791959763 engnx02a.utdallas.edu 1729737738.58 1729737738.78 1}
replayTaskStats OAI21 configure {0.13 0.02 0.0 0.0 1 0.182144165039 engnx03a.utdallas.edu 1733253876.49 1733253876.67 1}
replayTaskStats OAI21 delay__B__lh__OUT__hl__ACQ_1 {0.12 0.01 5.95 0.72 1 6.76726484299 engnx03a.utdallas.edu 1733253882.63 1733253889.4 1 0.0897898674011 6.67390799522 0.00294017791748 0.00868391990662 0.00117301940918 6.5423719883 0.0 0.0 0.0 0.0 0.0 0.0 0.0 0.0}
replayTaskStats OAI21 delay__B__hl__OUT__lh__ACQ_1 {0.06 0.01 6.03 0.71 1 6.74409818649 engnx03a.utdallas.edu 1733253889.4 1733253896.14 1 0.042515039444 6.69895911217 0.00211906433105 0.00674891471863 0.000672817230225 6.67271208763 0.0 0.0 0.0 0.0 0.0 0.0 0.0 0.0}
replayTaskStats OAI21 delay__C__lh__OUT__hl__ACQ_1 {0.05 0.01 6.15 0.7 1 6.86618900299 engnx03a.utdallas.edu 1733253896.14 1733253903.01 1 0.0375440120697 6.82593607903 0.00211501121521 0.00778889656067 0.000985860824585 6.7968518734 0.0 0.0 0.0 0.0 0.0 0.0 0.0 0.0}
replayTaskStats OAI21 delay__C__hl__OUT__lh__ACQ_1 {0.08 0.01 5.95 0.65 1 6.63501000404 engnx03a.utdallas.edu 1733253903.01 1733253909.65 1 0.0599038600922 6.57239079475 0.0021538734436 0.00652503967285 0.000684022903442 6.54621601105 0.0 0.0 0.0 0.0 0.0 0.0 0.0 0.0}
replayTaskStats OAI21 delay__A__lh__OUT__hl__ACQ_1 {0.06 0.01 5.99 0.68 1 6.68391990662 engnx03a.utdallas.edu 1733253909.65 1733253916.33 1 0.0387501716614 6.64049887657 0.00232195854187 0.00618195533752 0.000683069229126 6.61345791817 0.0 0.0 0.0 0.0 0.0 0.0 0.0 0.0}
replayTaskStats OAI21 leakage_power__ACQ_1 {0.05 0.01 5.96 0.67 1 6.64247488976 engnx03a.utdallas.edu 1733253923.11 1733253929.75 1 0.0330219268799 6.60645389557 0.00220704078674 0.00576400756836 0.00266695022583 6.57972097397 0.0 0.0 0.0 0.0 0.0 0.0 0.0 0.0}
replayTaskStats OAI21 delay__A__hl__OUT__lh__ACQ_1 {0.07 0.0 6.08 0.67 1 6.77774310112 engnx03a.utdallas.edu 1733253916.33 1733253923.11 1 0.0434930324554 6.73010396957 0.00232887268066 0.00725293159485 0.000761032104492 6.70170903206 0.0 0.0 0.0 0.0 0.0 0.0 0.0 0.0}
replayTaskStats OAI21 Cin__VSS__lh__ACQ_1 {0.05 0.01 5.77 0.67 1 6.45237898827 engnx03a.utdallas.edu 1733253929.75 1733253936.21 1 0.0380129814148 6.41166496277 0.00216913223267 0.00487589836121 0.000677108764648 6.39190411568 0.0 0.0 0.0 0.0 0.0 0.0 0.0 0.0}
replayTaskStats OAI21 Cin__VSS__hl__ACQ_1 {0.05 0.0 5.92 0.65 1 6.56366086006 engnx03a.utdallas.edu 1733253936.21 1733253942.77 1 0.0315837860107 6.52926397324 0.00201106071472 0.00554919242859 0.000724077224731 6.50761508942 0.0 0.0 0.0 0.0 0.0 0.0 0.0 0.0}
replayTaskStats OAI21 Cin__VDD__lh__ACQ_1 {0.05 0.01 5.97 0.67 1 6.67663598061 engnx03a.utdallas.edu 1733253942.77 1733253949.45 1 0.0322959423065 6.64172005653 0.00215888023376 0.0185599327087 0.000687837600708 6.6088540554 0.0 0.0 0.0 0.0 0.0 0.0 0.0 0.0}
replayTaskStats OAI21 Cin__VDD__hl__ACQ_1 {0.04 0.0 6.23 0.68 1 6.93715310097 engnx03a.utdallas.edu 1733253949.45 1733253956.38 1 0.0318658351898 6.90255713463 0.00220394134521 0.00546884536743 0.000694036483765 6.88276600838 0.0 0.0 0.0 0.0 0.0 0.0 0.0 0.0}
replayTaskStats OAI21 modeling {0.19 0.0 0.0 0.0 1 0.228177070618 engnx03a.utdallas.edu 1733253984.92 1733253985.14 1}
replayTaskStats OAI21 configure {0.14 0.0 0.0 0.0 1 0.18879199028 engnx02a.utdallas.edu 1733459417.92 1733459418.11 1}
replayTaskStats OAI21 delay__B__lh__OUT__hl__ACQ_1 {0.12 0.01 5.95 0.75 1 6.841837883 engnx02a.utdallas.edu 1733459423.79 1733459430.63 1 0.0834028720856 6.75528502464 0.00197005271912 0.00763988494873 0.000852108001709 6.62747192383 0.0 0.0 0.0 0.0 0.0 0.0 0.0 0.0}
replayTaskStats OAI21 delay__B__hl__OUT__lh__ACQ_1 {0.06 0.01 6.01 0.72 1 6.75301098824 engnx02a.utdallas.edu 1733459430.63 1733459437.39 1 0.0377838611603 6.71269416809 0.00209999084473 0.00713992118835 0.000667810440063 6.68712115288 0.0 0.0 0.0 0.0 0.0 0.0 0.0 0.0}
replayTaskStats OAI21 delay__C__lh__OUT__hl__ACQ_1 {0.06 0.0 6.11 0.74 1 6.85470414162 engnx02a.utdallas.edu 1733459437.39 1733459444.24 1 0.0380921363831 6.81410694122 0.00241494178772 0.00727820396423 0.000673055648804 6.78583312035 0.0 0.0 0.0 0.0 0.0 0.0 0.0 0.0}
replayTaskStats OAI21 delay__C__hl__OUT__lh__ACQ_1 {0.07 0.02 5.95 0.72 1 6.70930099487 engnx02a.utdallas.edu 1733459444.24 1733459450.95 1 0.0584239959717 6.64804887772 0.00222992897034 0.00780010223389 0.00100898742676 6.61254882812 0.0 0.0 0.0 0.0 0.0 0.0 0.0 0.0}
replayTaskStats OAI21 delay__A__lh__OUT__hl__ACQ_1 {0.05 0.01 5.92 0.71 1 6.64658093452 engnx02a.utdallas.edu 1733459450.95 1733459457.6 1 0.0420389175415 6.60189795494 0.00193905830383 0.00608801841736 0.000633001327515 6.57708382607 0.0 0.0 0.0 0.0 0.0 0.0 0.0 0.0}
replayTaskStats OAI21 leakage_power__ACQ_1 {0.04 0.01 5.98 0.71 1 6.69385385513 engnx02a.utdallas.edu 1733459464.3 1733459471.0 1 0.0280990600586 6.66302204132 0.00194597244263 0.00511693954468 0.00245594978333 6.64201903343 0.0 0.0 0.0 0.0 0.0 0.0 0.0 0.0}
replayTaskStats OAI21 delay__A__hl__OUT__lh__ACQ_1 {0.06 0.01 6.01 0.68 1 6.70219993591 engnx02a.utdallas.edu 1733459457.6 1733459464.3 1 0.0409910678864 6.65867185593 0.00206995010376 0.00666284561157 0.000710010528564 6.63189816475 0.0 0.0 0.0 0.0 0.0 0.0 0.0 0.0}
replayTaskStats OAI21 Cin__VSS__lh__ACQ_1 {0.05 0.0 5.87 0.72 1 6.58561015129 engnx02a.utdallas.edu 1733459471.0 1733459477.58 1 0.0362501144409 6.54662704468 0.00225687026978 0.00507283210754 0.000699996948242 6.52656602859 0.0 0.0 0.0 0.0 0.0 0.0 0.0 0.0}
replayTaskStats OAI21 Cin__VSS__hl__ACQ_1 {0.04 0.01 5.8 0.7 1 6.50329899788 engnx02a.utdallas.edu 1733459477.58 1733459484.09 1 0.0319519042969 6.46858906746 0.00214505195618 0.00533509254456 0.000715017318726 6.44840097427 0.0 0.0 0.0 0.0 0.0 0.0 0.0 0.0}
replayTaskStats OAI21 Cin__VDD__lh__ACQ_1 {0.05 0.01 5.79 0.7 1 6.50009989738 engnx02a.utdallas.edu 1733459484.09 1733459490.59 1 0.0314509868622 6.46601009369 0.00195479393005 0.00486302375793 0.000680923461914 6.44674110413 0.0 0.0 0.0 0.0 0.0 0.0 0.0 0.0}
replayTaskStats OAI21 Cin__VDD__hl__ACQ_1 {0.04 0.01 5.91 0.71 1 6.6172850132 engnx02a.utdallas.edu 1733459490.59 1733459497.2 1 0.03142619133 6.58330988884 0.00211215019226 0.00557398796082 0.000751972198486 6.56286811829 0.0 0.0 0.0 0.0 0.0 0.0 0.0 0.0}
replayTaskStats OAI21 modeling {0.18 0.01 0.0 0.0 1 0.259168148041 engnx02a.utdallas.edu 1733459557.58 1733459557.84 1}
