replayTaskStats Tri_INV configure {0.11 0.0 0.0 0.0 1 0.134224891663 engnx02a.utdallas.edu 1729741359.08 1729741359.21 1}
replayTaskStats Tri_INV leakage_power__ACQ_1 {0.5 0.09 64.96 7.05 1 81.0227441788 engnx02a.utdallas.edu 1729741366.38 1729741447.4 1 0.0243871212006 7.56496310234 0.00206208229065 0.00495195388794 0.00153803825378 76.1304931641 0.0 0.0 0.0 0.0 0.0 0.0 0.0 0.0}
replayTaskStats Tri_INV leakage_power__ACQ_1 {0.5 0.09 64.96 7.05 1 81.0232441425 engnx02a.utdallas.edu 1729741366.38 1729741447.4 1 0.0243871212006 7.56496310234 0.00206208229065 0.00495195388794 0.00153803825378 76.1304931641 0.0 0.0 0.0 0.0 0.0 0.0 0.0 0.0}
replayTaskStats Tri_INV leakage_power__ACQ_1 {0.5 0.09 64.96 7.05 1 81.0237290859 engnx02a.utdallas.edu 1729741366.38 1729741447.41 1 0.0243871212006 7.56496310234 0.00206208229065 0.00495195388794 0.00153803825378 76.1304931641 0.0 0.0 0.0 0.0 0.0 0.0 0.0 0.0}
replayTaskStats Tri_INV leakage_power__ACQ_1 {0.5 0.09 64.96 7.05 1 81.0241971016 engnx02a.utdallas.edu 1729741366.38 1729741447.41 1 0.0243871212006 7.56496310234 0.00206208229065 0.00495195388794 0.00153803825378 76.1304931641 0.0 0.0 0.0 0.0 0.0 0.0 0.0 0.0}
replayTaskStats Tri_INV leakage_power__ACQ_1 {0.5 0.09 64.96 7.05 1 81.0246860981 engnx02a.utdallas.edu 1729741366.38 1729741447.41 1 0.0243871212006 7.56496310234 0.00206208229065 0.00495195388794 0.00153803825378 76.1304931641 0.0 0.0 0.0 0.0 0.0 0.0 0.0 0.0}
replayTaskStats Tri_INV leakage_power__ACQ_1 {0.5 0.09 64.96 7.05 1 81.0252351761 engnx02a.utdallas.edu 1729741366.38 1729741447.41 1 0.0243871212006 7.56496310234 0.00206208229065 0.00495195388794 0.00153803825378 76.1304931641 0.0 0.0 0.0 0.0 0.0 0.0 0.0 0.0}
replayTaskStats Tri_INV leakage_power__ACQ_1 {0.5 0.09 64.96 7.05 1 81.0257160664 engnx02a.utdallas.edu 1729741366.38 1729741447.41 1 0.0243871212006 7.56496310234 0.00206208229065 0.00495195388794 0.00153803825378 76.1304931641 0.0 0.0 0.0 0.0 0.0 0.0 0.0 0.0}
replayTaskStats Tri_INV leakage_power__ACQ_1 {0.5 0.09 64.96 7.05 1 81.0261771679 engnx02a.utdallas.edu 1729741366.38 1729741447.41 1 0.0243871212006 7.56496310234 0.00206208229065 0.00495195388794 0.00153803825378 76.1304931641 0.0 0.0 0.0 0.0 0.0 0.0 0.0 0.0}
replayTaskStats Tri_INV leakage_power__ACQ_1 {0.5 0.09 64.96 7.05 1 81.0266571045 engnx02a.utdallas.edu 1729741366.38 1729741447.41 1 0.0243871212006 7.56496310234 0.00206208229065 0.00495195388794 0.00153803825378 76.1304931641 0.0 0.0 0.0 0.0 0.0 0.0 0.0 0.0}
replayTaskStats Tri_INV leakage_power__ACQ_1 {0.5 0.09 64.96 7.05 1 81.0271131992 engnx02a.utdallas.edu 1729741366.38 1729741447.41 1 0.0243871212006 7.56496310234 0.00206208229065 0.00495195388794 0.00153803825378 76.1304931641 0.0 0.0 0.0 0.0 0.0 0.0 0.0 0.0}
replayTaskStats Tri_INV delay__IN__lh__OUT__hl__ACQ_1 {0.06 0.0 6.15 0.65 1 6.8284509182 engnx02a.utdallas.edu 1729741447.41 1729741454.24 1 0.0359380245209 6.78954911232 0.00222396850586 0.00556421279907 0.000630855560303 6.76520395279 0.0 0.0 0.0 0.0 0.0 0.0 0.0 0.0}
replayTaskStats Tri_INV delay__IN__hl__OUT__lh__ACQ_1 {0.05 0.01 6.29 0.72 1 7.02566194534 engnx02a.utdallas.edu 1729741454.24 1729741461.26 1 0.034353017807 6.98880791664 0.00205206871033 0.00553894042969 0.000625848770142 6.9647629261 0.0 0.0 0.0 0.0 0.0 0.0 0.0 0.0}
replayTaskStats Tri_INV Cin__VSS__lh__ACQ_1 {0.05 0.0 5.85 0.68 1 6.53589916229 engnx02a.utdallas.edu 1729741485.74 1729741492.27 1 0.0312941074371 6.50204491615 0.00201201438904 0.00479316711426 0.000607967376709 6.48375797272 0.0 0.0 0.0 0.0 0.0 0.0 0.0 0.0}
replayTaskStats Tri_INV Cin__VSS__hl__ACQ_1 {0.04 0.01 6.17 0.71 1 8.05185389519 engnx02a.utdallas.edu 1729741506.15 1729741514.2 1 0.0292630195618 8.01991605759 0.00189709663391 1.0059940815 0.000651121139526 6.9999101162 0.0 0.0 0.0 0.0 0.0 0.0 0.0 0.0}
replayTaskStats Tri_INV Cin__VDD__lh__ACQ_1 {0.04 0.01 5.91 0.69 1 11.8775060177 engnx02a.utdallas.edu 1729741514.2 1729741526.08 1 0.925457954407 10.633589983 0.0540618896484 0.532175064087 0.000688791275024 10.0353009701 0.0 0.0 0.0 0.0 0.0 0.0 0.0 0.0}
replayTaskStats Tri_INV Cin__VDD__hl__ACQ_1 {0.05 0.0 6.02 0.66 1 7.33304190636 engnx02a.utdallas.edu 1729741526.08 1729741533.42 1 0.389845132828 6.88032102585 0.00187492370605 0.0039529800415 0.000625133514404 6.86265182495 0.0 0.0 0.0 0.0 0.0 0.0 0.0 0.0}
replayTaskStats Tri_INV configure {0.13 0.01 0.0 0.0 1 0.180185079575 engnx02a.utdallas.edu 1729806793.68 1729806793.86 1}
replayTaskStats Tri_INV configure {0.13 0.02 0.0 0.0 1 0.18941617012 engnx02a.utdallas.edu 1729806951.02 1729806951.21 1}
replayTaskStats Tri_INV zen__EN__lh__OUT__lzh__ACQ_1 {0.11 0.01 6.09 0.8 1 22.9746809006 engnx02a.utdallas.edu 1729806963.89 1729806986.86 1 0.936022996902 21.9029181004 0.0024209022522 0.00646996498108 0.000893831253052 21.4001779556 0.0 0.0 0.0 0.0 0.0 0.0 0.0 0.0}
replayTaskStats Tri_INV zen__EN__lh__OUT__hzl__ACQ_1 {0.05 0.01 6.03 0.74 1 7.85957098007 engnx02a.utdallas.edu 1729806986.86 1729806994.72 1 0.0312139987946 7.82561302185 0.0804469585419 0.495661020279 0.00067400932312 7.23278999329 0.0 0.0 0.0 0.0 0.0 0.0 0.0 0.0}
replayTaskStats Tri_INV zdis__EN__hl__OUT__hz__ACQ_1 {0.05 0.0 5.9 0.67 1 6.91513085365 engnx02a.utdallas.edu 1729806994.72 1729807001.64 1 0.205000162125 6.61854791641 0.00202798843384 0.00440192222595 0.000656127929688 6.59931397438 0.0 0.0 0.0 0.0 0.0 0.0 0.0 0.0}
replayTaskStats Tri_INV delay__IN__hl__OUT__lh__ACQ_1 {0.06 0.02 6.19 0.68 1 6.90629005432 engnx02a.utdallas.edu 1729807001.64 1729807008.54 1 0.035492181778 6.86737203598 0.00299000740051 0.00846290588379 0.00123000144958 6.82499814034 0.0 0.0 0.0 0.0 0.0 0.0 0.0 0.0}
replayTaskStats Tri_INV delay__IN__lh__OUT__hl__ACQ_1 {0.07 0.02 6.04 0.72 1 6.82164597511 engnx02a.utdallas.edu 1729807008.55 1729807015.37 1 0.0686769485474 6.74997115135 0.00195908546448 0.0156528949738 0.000638008117676 6.71526694298 0.0 0.0 0.0 0.0 0.0 0.0 0.0 0.0}
replayTaskStats Tri_INV zdis__EN__hl__OUT__lz__ACQ_1 {0.04 0.01 6.13 0.71 1 6.85700011253 engnx02a.utdallas.edu 1729807015.37 1729807022.22 1 0.0272779464722 6.82723999023 0.00209403038025 0.00542688369751 0.000624179840088 6.80512595177 0.0 0.0 0.0 0.0 0.0 0.0 0.0 0.0}
replayTaskStats Tri_INV leakage_power__ACQ_1 {0.45 0.07 65.58 7.21 1 81.60967803 engnx02a.utdallas.edu 1729807022.23 1729807103.84 1 0.0287721157074 8.49055194855 0.00188398361206 0.00505614280701 0.00183796882629 75.4082839489 0.0 0.0 0.0 0.0 0.0 0.0 0.0 0.0}
replayTaskStats Tri_INV leakage_power__ACQ_1 {0.45 0.07 65.58 7.21 1 81.6101620197 engnx02a.utdallas.edu 1729807022.23 1729807103.84 1 0.0287721157074 8.49055194855 0.00188398361206 0.00505614280701 0.00183796882629 75.4082839489 0.0 0.0 0.0 0.0 0.0 0.0 0.0 0.0}
replayTaskStats Tri_INV leakage_power__ACQ_1 {0.45 0.07 65.58 7.21 1 81.6106441021 engnx02a.utdallas.edu 1729807022.23 1729807103.84 1 0.0287721157074 8.49055194855 0.00188398361206 0.00505614280701 0.00183796882629 75.4082839489 0.0 0.0 0.0 0.0 0.0 0.0 0.0 0.0}
replayTaskStats Tri_INV leakage_power__ACQ_1 {0.45 0.07 65.58 7.21 1 81.6111180782 engnx02a.utdallas.edu 1729807022.23 1729807103.84 1 0.0287721157074 8.49055194855 0.00188398361206 0.00505614280701 0.00183796882629 75.4082839489 0.0 0.0 0.0 0.0 0.0 0.0 0.0 0.0}
replayTaskStats Tri_INV leakage_power__ACQ_1 {0.45 0.07 65.58 7.21 1 81.6116030216 engnx02a.utdallas.edu 1729807022.23 1729807103.84 1 0.0287721157074 8.49055194855 0.00188398361206 0.00505614280701 0.00183796882629 75.4082839489 0.0 0.0 0.0 0.0 0.0 0.0 0.0 0.0}
replayTaskStats Tri_INV leakage_power__ACQ_1 {0.46 0.07 65.58 7.21 1 81.6120760441 engnx02a.utdallas.edu 1729807022.23 1729807103.84 1 0.0287721157074 8.49055194855 0.00188398361206 0.00505614280701 0.00183796882629 75.4082839489 0.0 0.0 0.0 0.0 0.0 0.0 0.0 0.0}
replayTaskStats Tri_INV leakage_power__ACQ_1 {0.46 0.07 65.58 7.21 1 81.6125462055 engnx02a.utdallas.edu 1729807022.23 1729807103.84 1 0.0287721157074 8.49055194855 0.00188398361206 0.00505614280701 0.00183796882629 75.4082839489 0.0 0.0 0.0 0.0 0.0 0.0 0.0 0.0}
replayTaskStats Tri_INV leakage_power__ACQ_1 {0.46 0.07 65.58 7.21 1 81.613022089 engnx02a.utdallas.edu 1729807022.23 1729807103.84 1 0.0287721157074 8.49055194855 0.00188398361206 0.00505614280701 0.00183796882629 75.4082839489 0.0 0.0 0.0 0.0 0.0 0.0 0.0 0.0}
replayTaskStats Tri_INV leakage_power__ACQ_1 {0.46 0.07 65.58 7.21 1 81.6134881973 engnx02a.utdallas.edu 1729807022.23 1729807103.84 1 0.0287721157074 8.49055194855 0.00188398361206 0.00505614280701 0.00183796882629 75.4082839489 0.0 0.0 0.0 0.0 0.0 0.0 0.0 0.0}
replayTaskStats Tri_INV leakage_power__ACQ_1 {0.46 0.07 65.58 7.21 1 81.613956213 engnx02a.utdallas.edu 1729807022.23 1729807103.84 1 0.0287721157074 8.49055194855 0.00188398361206 0.00505614280701 0.00183796882629 75.4082839489 0.0 0.0 0.0 0.0 0.0 0.0 0.0 0.0}
replayTaskStats Tri_INV Cin__VSS__hl__ACQ_1 {0.04 0.01 6.06 0.75 1 6.86542892456 engnx02a.utdallas.edu 1729807103.84 1729807110.71 1 0.0323269367218 6.83034396172 0.00224995613098 0.00521993637085 0.000694990158081 6.81009483337 0.0 0.0 0.0 0.0 0.0 0.0 0.0 0.0}
replayTaskStats Tri_INV Cin__VSS__lh__ACQ_1 {0.05 0.0 5.88 0.69 1 6.59103703499 engnx02a.utdallas.edu 1729807110.71 1729807117.3 1 0.0323688983917 6.55577492714 0.00237393379211 0.00583815574646 0.000962972640991 6.533826828 0.0 0.0 0.0 0.0 0.0 0.0 0.0 0.0}
replayTaskStats Tri_INV energy__EN__hl__OUT__hz__ACQ_1 {0.05 0.01 5.85 0.68 1 7.13136196136 engnx02a.utdallas.edu 1729807117.3 1729807124.43 1 0.0325710773468 7.09575891495 0.069589138031 0.530687093735 0.000777959823608 6.48147296906 0.0 0.0 0.0 0.0 0.0 0.0 0.0 0.0}
replayTaskStats Tri_INV energy__EN__hl__OUT__lz__ACQ_1 {0.05 0.01 5.79 0.69 1 7.47954201698 engnx02a.utdallas.edu 1729807124.43 1729807131.91 1 0.308440923691 7.10983705521 0.00213813781738 0.455090045929 0.000648021697998 6.57993292809 0.0 0.0 0.0 0.0 0.0 0.0 0.0 0.0}
replayTaskStats Tri_INV energy__EN__lh__OUT__hzl__ACQ_1 {0.05 0.0 5.93 0.72 1 7.3916580677 engnx02a.utdallas.edu 1729807131.91 1729807139.3 1 0.266774892807 7.065721035 0.00197315216064 0.293737888336 0.000655174255371 6.75369405746 0.0 0.0 0.0 0.0 0.0 0.0 0.0 0.0}
replayTaskStats Tri_INV energy__EN__lh__OUT__lzh__ACQ_1 {0.04 0.01 6.11 0.72 1 7.15469694138 engnx02a.utdallas.edu 1729807139.3 1729807146.46 1 0.255470991135 6.84668111801 0.00199794769287 0.00596690177917 0.000651836395264 6.82269501686 0.0 0.0 0.0 0.0 0.0 0.0 0.0 0.0}
replayTaskStats Tri_INV Cin__VDD__hl__ACQ_1 {0.05 0.0 5.93 0.67 1 6.62822008133 engnx02a.utdallas.edu 1729807146.46 1729807153.09 1 0.0297269821167 6.5959239006 0.00198197364807 0.0191321372986 0.000725984573364 6.56198978424 0.0 0.0 0.0 0.0 0.0 0.0 0.0 0.0}
replayTaskStats Tri_INV Cin__VDD__lh__ACQ_1 {0.04 0.01 5.94 0.67 1 6.61232089996 engnx02a.utdallas.edu 1729807153.09 1729807159.7 1 0.0291681289673 6.58052802086 0.00192308425903 0.00498104095459 0.000699043273926 6.56138491631 0.0 0.0 0.0 0.0 0.0 0.0 0.0 0.0}
replayTaskStats Tri_INV modeling {0.2 0.0 0.0 0.0 1 0.285758972168 engnx02a.utdallas.edu 1729807761.89 1729807762.18 1}
replayTaskStats Tri_INV configure {0.13 0.01 0.0 0.0 1 0.190649032593 engnx03a.utdallas.edu 1733254147.69 1733254147.88 1}
replayTaskStats Tri_INV zen__EN__lh__OUT__lzh__ACQ_1 {0.11 0.01 6.0 0.73 1 6.79109787941 engnx03a.utdallas.edu 1733254153.99 1733254160.78 1 0.0717561244965 6.71606397629 0.00222778320312 0.00586986541748 0.00091290473938 6.59526109695 0.0 0.0 0.0 0.0 0.0 0.0 0.0 0.0}
replayTaskStats Tri_INV zen__EN__lh__OUT__hzl__ACQ_1 {0.04 0.01 5.92 0.65 1 6.56528401375 engnx03a.utdallas.edu 1733254160.78 1733254167.35 1 0.0287909507751 6.53393888474 0.00234889984131 0.00586605072021 0.000659942626953 6.51001501083 0.0 0.0 0.0 0.0 0.0 0.0 0.0 0.0}
replayTaskStats Tri_INV zdis__EN__hl__OUT__hz__ACQ_1 {0.04 0.0 6.07 0.65 1 6.71467399597 engnx03a.utdallas.edu 1733254167.35 1733254174.06 1 0.0279240608215 6.68416810036 0.00204014778137 0.00525593757629 0.000662088394165 6.66435718536 0.0 0.0 0.0 0.0 0.0 0.0 0.0 0.0}
replayTaskStats Tri_INV delay__IN__hl__OUT__lh__ACQ_1 {0.05 0.02 6.17 0.67 1 6.84050416946 engnx03a.utdallas.edu 1733254174.06 1733254180.9 1 0.0341560840607 6.80373597145 0.00206995010376 0.0065598487854 0.000671863555908 6.77861809731 0.0 0.0 0.0 0.0 0.0 0.0 0.0 0.0}
replayTaskStats Tri_INV delay__IN__lh__OUT__hl__ACQ_1 {0.07 0.01 6.12 0.65 1 6.81594896317 engnx03a.utdallas.edu 1733254180.91 1733254187.72 1 0.0558428764343 6.7573568821 0.00217700004578 0.0066020488739 0.000698804855347 6.72997713089 0.0 0.0 0.0 0.0 0.0 0.0 0.0 0.0}
replayTaskStats Tri_INV leakage_power__ACQ_1 {0.04 0.0 5.87 0.65 1 6.5215780735 engnx03a.utdallas.edu 1733254194.17 1733254200.69 1 0.025869846344 6.49291300774 0.00221920013428 0.00508594512939 0.00222706794739 6.47228884697 0.0 0.0 0.0 0.0 0.0 0.0 0.0 0.0}
replayTaskStats Tri_INV zdis__EN__hl__OUT__lz__ACQ_1 {0.04 0.01 5.8 0.65 1 6.44264793396 engnx03a.utdallas.edu 1733254187.72 1733254194.16 1 0.0272932052612 6.41271090508 0.00214815139771 0.0051429271698 0.000649929046631 6.39305305481 0.0 0.0 0.0 0.0 0.0 0.0 0.0 0.0}
replayTaskStats Tri_INV Cin__VSS__hl__ACQ_1 {0.05 0.0 6.14 0.69 1 6.83354783058 engnx03a.utdallas.edu 1733254200.69 1733254207.52 1 0.0317490100861 6.79911494255 0.00231313705444 0.00521612167358 0.000722885131836 6.7796831131 0.0 0.0 0.0 0.0 0.0 0.0 0.0 0.0}
replayTaskStats Tri_INV Cin__VSS__lh__ACQ_1 {0.04 0.01 6.11 0.67 1 6.81925296783 engnx03a.utdallas.edu 1733254207.52 1733254214.34 1 0.0455350875854 6.77094817162 0.00207901000977 0.00513005256653 0.000672817230225 6.75135302544 0.0 0.0 0.0 0.0 0.0 0.0 0.0 0.0}
replayTaskStats Tri_INV energy__EN__hl__OUT__hz__ACQ_1 {0.04 0.01 6.17 0.67 1 6.84590101242 engnx03a.utdallas.edu 1733254214.34 1733254221.19 1 0.0303418636322 6.81293296814 0.00210404396057 0.00494599342346 0.000684022903442 6.79324483871 0.0 0.0 0.0 0.0 0.0 0.0 0.0 0.0}
replayTaskStats Tri_INV energy__EN__hl__OUT__lz__ACQ_1 {0.05 0.0 6.13 0.69 1 6.81518316269 engnx03a.utdallas.edu 1733254221.19 1733254228.0 1 0.0287930965424 6.7832930088 0.00254511833191 0.00550484657288 0.000859022140503 6.76111388206 0.0 0.0 0.0 0.0 0.0 0.0 0.0 0.0}
replayTaskStats Tri_INV energy__EN__lh__OUT__hzl__ACQ_1 {0.05 0.01 6.24 0.68 1 6.94356799126 engnx03a.utdallas.edu 1733254228.0 1733254234.95 1 0.0345530509949 6.9060921669 0.00209617614746 0.0065290927887 0.000741958618164 6.88050508499 0.0 0.0 0.0 0.0 0.0 0.0 0.0 0.0}
replayTaskStats Tri_INV energy__EN__lh__OUT__lzh__ACQ_1 {0.06 0.0 6.04 0.68 1 6.72648000717 engnx03a.utdallas.edu 1733254234.95 1733254241.67 1 0.0317249298096 6.69190812111 0.00223803520203 0.00658297538757 0.000790119171143 6.6652469635 0.0 0.0 0.0 0.0 0.0 0.0 0.0 0.0}
replayTaskStats Tri_INV Cin__VDD__hl__ACQ_1 {0.04 0.01 5.96 0.64 1 6.62490701675 engnx03a.utdallas.edu 1733254241.68 1733254248.3 1 0.029501914978 6.59211778641 0.00282311439514 0.00533294677734 0.000967979431152 6.56911802292 0.0 0.0 0.0 0.0 0.0 0.0 0.0 0.0}
replayTaskStats Tri_INV Cin__VDD__lh__ACQ_1 {0.05 0.01 5.8 0.71 1 6.53714418411 engnx03a.utdallas.edu 1733254248.3 1733254254.84 1 0.0476100444794 6.48632311821 0.0021710395813 0.00402498245239 0.000759840011597 6.467004776 0.0 0.0 0.0 0.0 0.0 0.0 0.0 0.0}
replayTaskStats Tri_INV modeling {0.19 0.02 0.0 0.0 1 0.254725933075 engnx03a.utdallas.edu 1733254287.13 1733254287.39 1}
replayTaskStats Tri_INV configure {0.12 0.01 0.0 0.0 1 0.193062067032 engnx02a.utdallas.edu 1733459759.44 1733459759.63 1}
replayTaskStats Tri_INV zen__EN__lh__OUT__lzh__ACQ_1 {0.11 0.01 6.12 0.77 1 6.96676516533 engnx02a.utdallas.edu 1733459764.79 1733459771.75 1 0.0743770599365 6.88883280754 0.00210213661194 0.00643110275269 0.000861883163452 6.77043604851 0.0 0.0 0.0 0.0 0.0 0.0 0.0 0.0}
replayTaskStats Tri_INV zen__EN__lh__OUT__hzl__ACQ_1 {0.05 0.01 6.04 0.69 1 6.72980594635 engnx02a.utdallas.edu 1733459771.76 1733459778.49 1 0.0290558338165 6.69822311401 0.00185608863831 0.00635504722595 0.000653028488159 6.67418408394 0.0 0.0 0.0 0.0 0.0 0.0 0.0 0.0}
replayTaskStats Tri_INV zdis__EN__hl__OUT__hz__ACQ_1 {0.04 0.0 5.9 0.65 1 6.53944301605 engnx02a.utdallas.edu 1733459778.49 1733459785.03 1 0.028520822525 6.50822687149 0.00231695175171 0.00565505027771 0.000646114349365 6.4877538681 0.0 0.0 0.0 0.0 0.0 0.0 0.0 0.0}
replayTaskStats Tri_INV delay__IN__hl__OUT__lh__ACQ_1 {0.05 0.01 6.07 0.67 1 6.76418280602 engnx02a.utdallas.edu 1733459785.03 1733459791.79 1 0.0344209671021 6.72720813751 0.00206303596497 0.00710296630859 0.000677824020386 6.70141601562 0.0 0.0 0.0 0.0 0.0 0.0 0.0 0.0}
replayTaskStats Tri_INV delay__IN__lh__OUT__hl__ACQ_1 {0.07 0.01 6.12 0.67 1 6.97172307968 engnx02a.utdallas.edu 1733459791.79 1733459798.76 1 0.0662369728088 6.90291213989 0.00202989578247 0.140296220779 0.000709056854248 6.74231696129 0.0 0.0 0.0 0.0 0.0 0.0 0.0 0.0}
replayTaskStats Tri_INV leakage_power__ACQ_1 {0.04 0.01 5.83 0.68 1 6.49135899544 engnx02a.utdallas.edu 1733459805.28 1733459811.77 1 0.0248529911041 6.46385884285 0.00206303596497 0.00502300262451 0.0022292137146 6.44393706322 0.0 0.0 0.0 0.0 0.0 0.0 0.0 0.0}
replayTaskStats Tri_INV zdis__EN__hl__OUT__lz__ACQ_1 {0.04 0.01 5.79 0.7 1 6.51810193062 engnx02a.utdallas.edu 1733459798.76 1733459805.28 1 0.0274469852448 6.48805117607 0.00182390213013 0.0288598537445 0.000618934631348 6.4451508522 0.0 0.0 0.0 0.0 0.0 0.0 0.0 0.0}
replayTaskStats Tri_INV Cin__VSS__hl__ACQ_1 {0.05 0.0 5.74 0.68 1 6.42944097519 engnx02a.utdallas.edu 1733459811.77 1733459818.2 1 0.0310349464417 6.39589118958 0.00207591056824 0.0184388160706 0.000626087188721 6.36391496658 0.0 0.0 0.0 0.0 0.0 0.0 0.0 0.0}
replayTaskStats Tri_INV Cin__VSS__lh__ACQ_1 {0.03 0.01 5.92 0.7 1 6.59362792969 engnx02a.utdallas.edu 1733459818.2 1733459824.8 1 0.0271110534668 6.56387710571 0.00193095207214 0.00500702857971 0.000687122344971 6.54554414749 0.0 0.0 0.0 0.0 0.0 0.0 0.0 0.0}
replayTaskStats Tri_INV energy__EN__hl__OUT__hz__ACQ_1 {0.05 0.0 5.93 0.66 1 6.59875106812 engnx02a.utdallas.edu 1733459824.8 1733459831.4 1 0.0300958156586 6.56619501114 0.00197100639343 0.00540518760681 0.000632047653198 6.54648709297 0.0 0.0 0.0 0.0 0.0 0.0 0.0 0.0}
replayTaskStats Tri_INV energy__EN__hl__OUT__lz__ACQ_1 {0.04 0.01 5.89 0.69 1 6.5895190239 engnx02a.utdallas.edu 1733459831.4 1733459837.99 1 0.0294559001923 6.55700516701 0.00213408470154 0.0161941051483 0.000653982162476 6.52530694008 0.0 0.0 0.0 0.0 0.0 0.0 0.0 0.0}
replayTaskStats Tri_INV energy__EN__lh__OUT__hzl__ACQ_1 {0.06 0.0 5.87 0.67 1 6.6771171093 engnx02a.utdallas.edu 1733459837.99 1733459844.66 1 0.0325818061829 6.64204788208 0.00200915336609 0.137888908386 0.000642061233521 6.4861330986 0.0 0.0 0.0 0.0 0.0 0.0 0.0 0.0}
replayTaskStats Tri_INV energy__EN__lh__OUT__lzh__ACQ_1 {0.04 0.01 6.02 0.7 1 6.71837186813 engnx02a.utdallas.edu 1733459844.67 1733459851.38 1 0.0322911739349 6.68360090256 0.0023820400238 0.00652003288269 0.000624895095825 6.65902304649 0.0 0.0 0.0 0.0 0.0 0.0 0.0 0.0}
replayTaskStats Tri_INV Cin__VDD__hl__ACQ_1 {0.04 0.01 5.83 0.67 1 6.4831738472 engnx02a.utdallas.edu 1733459851.38 1733459857.87 1 0.0268120765686 6.45383214951 0.00189089775085 0.00540089607239 0.000667810440063 6.43511891365 0.0 0.0 0.0 0.0 0.0 0.0 0.0 0.0}
replayTaskStats Tri_INV Cin__VDD__lh__ACQ_1 {0.05 0.0 5.93 0.71 1 6.63550281525 engnx02a.utdallas.edu 1733459857.87 1733459864.5 1 0.0281879901886 6.60482692719 0.00192093849182 0.00491714477539 0.000653982162476 6.58637094498 0.0 0.0 0.0 0.0 0.0 0.0 0.0 0.0}
replayTaskStats Tri_INV modeling {0.18 0.0 0.0 0.0 1 0.25804901123 engnx02a.utdallas.edu 1733459892.66 1733459892.92 1}
