replayTaskStats OAI22 configure {0.19 0.01 0.0 0.0 1 4.78872203827 engnx02a.utdallas.edu 1729737903.59 1729737908.38 1}
replayTaskStats OAI22 leakage_power__ACQ_1 {0.09 0.01 6.05 0.75 1 6.95983409882 engnx02a.utdallas.edu 1729737915.09 1729737922.05 1 0.0832090377808 6.87411308289 0.00257992744446 0.00481390953064 0.00174307823181 6.85235905647 0.0 0.0 0.0 0.0 0.0 0.0 0.0 0.0}
replayTaskStats OAI22 delay__A__hl__OUT__lh__ACQ_1 {0.06 0.01 6.19 0.72 1 6.94457411766 engnx02a.utdallas.edu 1729737922.05 1729737928.99 1 0.0447089672089 6.8971350193 0.00218296051025 0.00592708587646 0.000662803649902 6.8715801239 0.0 0.0 0.0 0.0 0.0 0.0 0.0 0.0}
replayTaskStats OAI22 delay__A__lh__OUT__hl__ACQ_1 {0.06 0.01 6.1 0.75 1 6.87023806572 engnx02a.utdallas.edu 1729737928.99 1729737935.86 1 0.0437798500061 6.82376289368 0.00201487541199 0.0062460899353 0.000644207000732 6.79796791077 0.0 0.0 0.0 0.0 0.0 0.0 0.0 0.0}
replayTaskStats OAI22 delay__C__hl__OUT__lh__ACQ_1 {0.07 0.01 6.39 0.75 1 7.20180916786 engnx02a.utdallas.edu 1729737959.01 1729737966.22 1 0.064749956131 7.13412117958 0.00202512741089 0.0061399936676 0.000647068023682 7.10872888565 0.0 0.0 0.0 0.0 0.0 0.0 0.0 0.0}
replayTaskStats OAI22 delay__C__lh__OUT__hl__ACQ_1 {0.06 0.01 6.37 0.73 1 7.15208292007 engnx02a.utdallas.edu 1729737966.22 1729737973.37 1 0.0617940425873 7.08780288696 0.00193309783936 0.00659084320068 0.000802993774414 7.06128382683 0.0 0.0 0.0 0.0 0.0 0.0 0.0 0.0}
replayTaskStats OAI22 Cin__VSS__hl__ACQ_1 {0.05 0.02 6.16 0.69 1 6.88343000412 engnx02a.utdallas.edu 1729738023.65 1729738030.54 1 0.0412020683289 6.83894705772 0.00216484069824 0.00501084327698 0.000752925872803 6.81813502312 0.0 0.0 0.0 0.0 0.0 0.0 0.0 0.0}
replayTaskStats OAI22 Cin__VSS__lh__ACQ_1 {0.06 0.0 6.08 0.74 1 6.85109019279 engnx02a.utdallas.edu 1729738030.54 1729738037.39 1 0.0390110015869 6.80946183205 0.00213098526001 0.0041720867157 0.00070595741272 6.78876304626 0.0 0.0 0.0 0.0 0.0 0.0 0.0 0.0}
replayTaskStats OAI22 Cin__VDD__hl__ACQ_1 {0.05 0.01 6.06 0.71 1 9.32183909416 engnx02a.utdallas.edu 1729738037.39 1729738046.71 1 0.0352561473846 9.2836868763 0.0539870262146 0.406263113022 0.000715017318726 8.80961513519 0.0 0.0 0.0 0.0 0.0 0.0 0.0 0.0}
replayTaskStats OAI22 Cin__VDD__lh__ACQ_1 {0.05 0.01 5.89 0.69 1 9.82515501976 engnx02a.utdallas.edu 1729738046.71 1729738056.54 1 0.266054868698 9.49013996124 0.00214099884033 0.309120893478 0.000712871551514 9.16507291794 0.0 0.0 0.0 0.0 0.0 0.0 0.0 0.0}
replayTaskStats OAI22 configure {0.18 0.0 0.0 0.0 1 0.220384836197 engnx02a.utdallas.edu 1729738438.07 1729738438.29 1}
replayTaskStats OAI22 leakage_power__ACQ_1 {0.09 0.0 6.15 0.7 1 14.9117410183 engnx02a.utdallas.edu 1729738450.96 1729738465.87 1 0.0724968910217 14.8364720345 0.0020740032196 0.763653993607 0.00189995765686 14.0564830303 0.0 0.0 0.0 0.0 0.0 0.0 0.0 0.0}
replayTaskStats OAI22 delay__A__hl__OUT__lh__ACQ_1 {0.06 0.01 6.27 0.68 1 7.89498114586 engnx02a.utdallas.edu 1729738465.87 1729738473.77 1 0.214990139008 7.62485313416 0.00209283828735 0.621576070786 0.000670909881592 6.98350596428 0.0 0.0 0.0 0.0 0.0 0.0 0.0 0.0}
replayTaskStats OAI22 delay__A__lh__OUT__hl__ACQ_1 {0.07 0.01 6.4 0.74 1 7.40674591064 engnx02a.utdallas.edu 1729738473.77 1729738481.17 1 0.220170974731 7.1478099823 0.00193381309509 0.00650095939636 0.000645160675049 7.12228488922 0.0 0.0 0.0 0.0 0.0 0.0 0.0 0.0}
replayTaskStats OAI22 delay__C__hl__OUT__lh__ACQ_1 {0.07 0.01 6.2 0.71 1 6.95893907547 engnx02a.utdallas.edu 1729738495.08 1729738502.04 1 0.0520129203796 6.90408277512 0.00206089019775 0.0076379776001 0.00069785118103 6.87428808212 0.0 0.0 0.0 0.0 0.0 0.0 0.0 0.0}
replayTaskStats OAI22 delay__C__lh__OUT__hl__ACQ_1 {0.06 0.01 6.31 0.68 1 7.8163049221 engnx02a.utdallas.edu 1729738502.04 1729738509.86 1 0.04141497612 7.77138996124 0.00245189666748 0.73570394516 0.00067400932312 6.9527361393 0.0 0.0 0.0 0.0 0.0 0.0 0.0 0.0}
replayTaskStats OAI22 Cin__VSS__hl__ACQ_1 {0.06 0.01 6.47 0.76 1 12.1916921139 engnx02a.utdallas.edu 1729738570.62 1729738582.81 1 0.86027598381 11.1862530708 0.00216007232666 0.00598907470703 0.000670909881592 11.093930006 0.0 0.0 0.0 0.0 0.0 0.0 0.0 0.0}
replayTaskStats OAI22 Cin__VSS__lh__ACQ_1 {0.05 0.01 6.2 0.72 1 6.98062396049 engnx02a.utdallas.edu 1729738582.81 1729738589.79 1 0.0395159721375 6.93841600418 0.00208497047424 0.00504493713379 0.000641107559204 6.91894602776 0.0 0.0 0.0 0.0 0.0 0.0 0.0 0.0}
replayTaskStats OAI22 Cin__VDD__hl__ACQ_1 {0.05 0.01 6.12 0.73 1 6.8875670433 engnx02a.utdallas.edu 1729738589.79 1729738596.68 1 0.034658908844 6.85036206245 0.00212407112122 0.00546216964722 0.000631093978882 6.83065295219 0.0 0.0 0.0 0.0 0.0 0.0 0.0 0.0}
replayTaskStats OAI22 Cin__VDD__lh__ACQ_1 {0.05 0.01 6.12 0.71 1 6.86140584946 engnx02a.utdallas.edu 1729738596.68 1729738603.54 1 0.0359120368958 6.82285094261 0.00197386741638 0.00531697273254 0.000736236572266 6.80245018005 0.0 0.0 0.0 0.0 0.0 0.0 0.0 0.0}
replayTaskStats OAI22 configure {0.16 0.01 0.0 0.0 1 0.213225841522 engnx02a.utdallas.edu 1729740526.88 1729740527.09 1}
replayTaskStats OAI22 leakage_power__ACQ_1 {0.05 0.01 6.04 0.69 1 9.18767380714 engnx02a.utdallas.edu 1729740684.46 1729740693.65 1 0.0330271720886 9.15196895599 0.176821947098 1.99708485603 0.0025589466095 6.96337985992 0.0 0.0 0.0 0.0 0.0 0.0 0.0 0.0}
replayTaskStats OAI22 Cin__VSS__hl__ACQ_1 {0.05 0.01 6.06 0.7 1 10.1632609367 engnx02a.utdallas.edu 1729740693.65 1729740703.81 1 0.657400846481 9.24338412285 0.00186705589294 0.66895699501 0.000630855560303 8.56028699875 0.0 0.0 0.0 0.0 0.0 0.0 0.0 0.0}
replayTaskStats OAI22 Cin__VSS__lh__ACQ_1 {0.05 0.0 5.93 0.69 1 7.08084511757 engnx02a.utdallas.edu 1729740703.81 1729740710.89 1 0.259854078293 6.76530814171 0.00200605392456 0.00511693954468 0.000634908676147 6.74640703201 0.0 0.0 0.0 0.0 0.0 0.0 0.0 0.0}
replayTaskStats OAI22 Cin__VDD__hl__ACQ_1 {0.11 0.01 5.99 0.68 1 6.7470459938 engnx02a.utdallas.edu 1729740710.89 1729740717.64 1 0.0997939109802 6.64470100403 0.00228595733643 0.00521492958069 0.00074577331543 6.62296915054 0.0 0.0 0.0 0.0 0.0 0.0 0.0 0.0}
replayTaskStats OAI22 Cin__VDD__lh__ACQ_1 {0.05 0.01 5.87 0.68 1 6.56823611259 engnx02a.utdallas.edu 1729740717.64 1729740724.21 1 0.0355489253998 6.53006505966 0.00221085548401 0.00529408454895 0.000724077224731 6.5094230175 0.0 0.0 0.0 0.0 0.0 0.0 0.0 0.0}
replayTaskStats OAI22 configure {0.18 0.01 0.0 0.0 1 0.230356931686 engnx02a.utdallas.edu 1729741631.65 1729741631.88 1}
replayTaskStats OAI22 configure {0.17 0.01 0.0 0.0 1 0.229729175568 engnx02a.utdallas.edu 1729797123.1 1729797123.33 1}
replayTaskStats OAI22 leakage_power__ACQ_1 {0.05 0.0 5.99 0.79 1 7.42060899734 engnx02a.utdallas.edu 1729797301.35 1729797308.77 1 0.314996004105 7.05141091347 0.002032995224 0.0235538482666 0.00272083282471 7.01117396355 0.0 0.0 0.0 0.0 0.0 0.0 0.0 0.0}
replayTaskStats OAI22 Cin__VSS__hl__ACQ_1 {0.05 0.01 6.02 0.72 1 6.78783297539 engnx02a.utdallas.edu 1729797308.77 1729797315.56 1 0.0569272041321 6.72835087776 0.00190401077271 0.00608491897583 0.000695943832397 6.70782995224 0.0 0.0 0.0 0.0 0.0 0.0 0.0 0.0}
replayTaskStats OAI22 Cin__VSS__lh__ACQ_1 {0.05 0.0 6.04 0.7 1 6.75940084457 engnx02a.utdallas.edu 1729797315.56 1729797322.32 1 0.0484089851379 6.70843601227 0.0019199848175 0.00543403625488 0.000665903091431 6.68862104416 0.0 0.0 0.0 0.0 0.0 0.0 0.0 0.0}
replayTaskStats OAI22 Cin__VDD__hl__ACQ_1 {0.1 0.02 5.95 0.72 1 6.74677395821 engnx02a.utdallas.edu 1729797322.32 1729797329.07 1 0.089026927948 6.65524697304 0.00195503234863 0.00508618354797 0.000682830810547 6.63523101807 0.0 0.0 0.0 0.0 0.0 0.0 0.0 0.0}
replayTaskStats OAI22 Cin__VDD__lh__ACQ_1 {0.05 0.01 5.8 0.76 1 6.60382008553 engnx02a.utdallas.edu 1729797329.07 1729797335.67 1 0.0539598464966 6.54734587669 0.00190591812134 0.00475907325745 0.000836133956909 6.52653002739 0.0 0.0 0.0 0.0 0.0 0.0 0.0 0.0}
replayTaskStats OAI22 configure {0.19 0.01 0.0 0.0 1 0.258848905563 engnx02a.utdallas.edu 1729798324.56 1729798324.81 1}
replayTaskStats OAI22 leakage_power__ACQ_1 {0.04 0.01 5.96 0.71 1 6.67585110664 engnx02a.utdallas.edu 1729798473.28 1729798479.95 1 0.0315890312195 6.641685009 0.00204920768738 0.00594711303711 0.00261998176575 6.61952185631 0.0 0.0 0.0 0.0 0.0 0.0 0.0 0.0}
replayTaskStats OAI22 Cin__VSS__hl__ACQ_1 {0.06 0.01 6.12 0.72 1 6.85496592522 engnx02a.utdallas.edu 1729798479.96 1729798486.81 1 0.0393249988556 6.81314110756 0.00229620933533 0.00584292411804 0.000639915466309 6.79231500626 0.0 0.0 0.0 0.0 0.0 0.0 0.0 0.0}
replayTaskStats OAI22 Cin__VSS__lh__ACQ_1 {0.05 0.0 6.16 0.71 1 7.92537689209 engnx02a.utdallas.edu 1729798486.81 1729798494.74 1 0.0365710258484 7.8856549263 0.00268316268921 1.00479412079 0.000861883163452 6.86423110962 0.0 0.0 0.0 0.0 0.0 0.0 0.0 0.0}
replayTaskStats OAI22 Cin__VDD__hl__ACQ_1 {0.11 0.01 6.02 0.71 1 11.4040641785 engnx02a.utdallas.edu 1729798494.74 1729798506.14 1 0.396342039108 10.9557478428 0.0020649433136 0.647213935852 0.000737905502319 10.2928669453 0.0 0.0 0.0 0.0 0.0 0.0 0.0 0.0}
replayTaskStats OAI22 Cin__VDD__lh__ACQ_1 {0.05 0.01 6.07 0.71 1 7.75157809258 engnx02a.utdallas.edu 1729798506.14 1729798513.89 1 0.261827945709 7.41664290428 0.00201392173767 0.00495386123657 0.000699996948242 7.39610719681 0.0 0.0 0.0 0.0 0.0 0.0 0.0 0.0}
replayTaskStats OAI22 configure {0.18 0.03 0.0 0.0 1 3.98232603073 engnx02a.utdallas.edu 1729804464.26 1729804468.24 1}
replayTaskStats OAI22 leakage_power__ACQ_1 {0.05 0.0 6.04 0.73 1 6.79384207726 engnx02a.utdallas.edu 1729804634.71 1729804641.5 1 0.0313258171082 6.7594909668 0.00215601921082 0.00585985183716 0.00258302688599 6.73724007607 0.0 0.0 0.0 0.0 0.0 0.0 0.0 0.0}
replayTaskStats OAI22 Cin__VSS__hl__ACQ_1 {0.06 0.01 6.04 0.74 1 6.8165910244 engnx02a.utdallas.edu 1729804641.5 1729804648.32 1 0.0443201065063 6.7616250515 0.00229597091675 0.00532603263855 0.000717878341675 6.74063301086 0.0 0.0 0.0 0.0 0.0 0.0 0.0 0.0}
replayTaskStats OAI22 Cin__VSS__lh__ACQ_1 {0.05 0.0 6.03 0.74 1 7.51957082748 engnx02a.utdallas.edu 1729804648.32 1729804655.84 1 0.036633014679 7.48002696037 0.00223302841187 0.709352970123 0.000746965408325 6.75517201424 0.0 0.0 0.0 0.0 0.0 0.0 0.0 0.0}
replayTaskStats OAI22 Cin__VDD__hl__ACQ_1 {0.11 0.01 5.97 0.73 1 9.96654701233 engnx02a.utdallas.edu 1729804655.84 1729804665.81 1 0.55611205101 9.34410977364 0.00206303596497 0.70100402832 0.000737190246582 8.62684893608 0.0 0.0 0.0 0.0 0.0 0.0 0.0 0.0}
replayTaskStats OAI22 Cin__VDD__lh__ACQ_1 {0.05 0.01 6.11 0.68 1 7.15588402748 engnx02a.utdallas.edu 1729804665.81 1729804672.96 1 0.259667158127 6.84278798103 0.00240516662598 0.00559711456299 0.000895977020264 6.81635689735 0.0 0.0 0.0 0.0 0.0 0.0 0.0 0.0}
replayTaskStats OAI22 configure {0.19 0.01 0.0 0.0 1 0.244769096375 engnx02a.utdallas.edu 1729804891.16 1729804891.4 1}
replayTaskStats OAI22 leakage_power__ACQ_1 {0.11 0.01 6.12 0.72 1 6.92217111588 engnx02a.utdallas.edu 1729804894.21 1729804901.13 1 0.094251871109 6.82476186752 0.00235509872437 0.00711107254028 0.00211000442505 6.79912281036 0.0 0.0 0.0 0.0 0.0 0.0 0.0 0.0}
replayTaskStats OAI22 Cin__VSS__hl__ACQ_1 {0.06 0.01 6.24 0.7 1 6.99603199959 engnx02a.utdallas.edu 1729805048.29 1729805055.28 1 0.0566802024841 6.93668794632 0.00211715698242 0.0215318202972 0.000884056091309 6.89782810211 0.0 0.0 0.0 0.0 0.0 0.0 0.0 0.0}
replayTaskStats OAI22 Cin__VSS__lh__ACQ_1 {0.06 0.01 6.15 0.74 1 8.41508412361 engnx02a.utdallas.edu 1729805055.28 1729805063.7 1 0.0538399219513 8.35863399506 0.00209283828735 0.724739074707 0.000707864761353 7.61804699898 0.0 0.0 0.0 0.0 0.0 0.0 0.0 0.0}
replayTaskStats OAI22 Cin__VDD__hl__ACQ_1 {0.05 0.01 6.07 0.66 1 9.89710783958 engnx02a.utdallas.edu 1729805063.7 1729805073.6 1 0.562899112701 9.26409006119 0.00233817100525 0.826007843018 0.00103211402893 8.4198949337 0.0 0.0 0.0 0.0 0.0 0.0 0.0 0.0}
replayTaskStats OAI22 Cin__VDD__lh__ACQ_1 {0.06 0.01 6.02 0.69 1 7.75538992882 engnx02a.utdallas.edu 1729805073.6 1729805081.35 1 0.355313062668 7.32904815674 0.00216293334961 0.00526404380798 0.000735998153687 7.30855083466 0.0 0.0 0.0 0.0 0.0 0.0 0.0 0.0}
replayTaskStats OAI22 configure {0.18 0.01 0.0 0.0 1 0.257323026657 engnx02a.utdallas.edu 1729805099.4 1729805099.66 1}
replayTaskStats OAI22 leakage_power__ACQ_1 {0.08 0.02 6.11 0.72 1 6.91326999664 engnx02a.utdallas.edu 1729805102.53 1729805109.44 1 0.072429895401 6.83827996254 0.0021378993988 0.00553584098816 0.00201010704041 6.81582903862 0.0 0.0 0.0 0.0 0.0 0.0 0.0 0.0}
replayTaskStats OAI22 Cin__VSS__hl__ACQ_1 {0.06 0.01 6.16 0.74 1 6.9204621315 engnx02a.utdallas.edu 1729805253.73 1729805260.65 1 0.041562795639 6.87621593475 0.00218987464905 0.00509905815125 0.000725984573364 6.85185694695 0.0 0.0 0.0 0.0 0.0 0.0 0.0 0.0}
replayTaskStats OAI22 Cin__VSS__lh__ACQ_1 {0.05 0.01 5.94 0.71 1 7.8168399334 engnx02a.utdallas.edu 1729805260.65 1729805268.46 1 0.0376229286194 7.77656292915 0.0695869922638 0.794834136963 0.000734090805054 6.8985118866 0.0 0.0 0.0 0.0 0.0 0.0 0.0 0.0}
replayTaskStats OAI22 Cin__VDD__hl__ACQ_1 {0.05 0.01 5.89 0.68 1 9.49203705788 engnx02a.utdallas.edu 1729805268.46 1729805277.96 1 0.347023010254 9.0134780407 0.00219798088074 0.74239397049 0.000752925872803 8.25530695915 0.0 0.0 0.0 0.0 0.0 0.0 0.0 0.0}
replayTaskStats OAI22 Cin__VDD__lh__ACQ_1 {0.05 0.02 5.86 0.72 1 7.10890388489 engnx02a.utdallas.edu 1729805277.96 1729805285.07 1 0.283265113831 6.75095009804 0.00222706794739 0.00549912452698 0.00064492225647 6.73066496849 0.0 0.0 0.0 0.0 0.0 0.0 0.0 0.0}
replayTaskStats OAI22 configure {0.17 0.01 0.0 0.0 1 0.222552061081 engnx02a.utdallas.edu 1729805497.86 1729805498.08 1}
replayTaskStats OAI22 delay__A__hl__OUT__lh__ACQ_1 {0.1 0.01 6.06 0.68 1 6.93910598755 engnx02a.utdallas.edu 1729805502.59 1729805509.53 1 0.0809760093689 6.85553097725 0.00203895568848 0.00688004493713 0.000723838806152 6.82847905159 0.0 0.0 0.0 0.0 0.0 0.0 0.0 0.0}
replayTaskStats OAI22 delay__A__lh__OUT__hl__ACQ_1 {0.07 0.01 5.99 0.67 1 6.70349502563 engnx02a.utdallas.edu 1729805509.53 1729805516.24 1 0.044135093689 6.656717062 0.00194907188416 0.00666189193726 0.000739097595215 6.63012504578 0.0 0.0 0.0 0.0 0.0 0.0 0.0 0.0}
replayTaskStats OAI22 delay__B__hl__OUT__lh__ACQ_1 {0.06 0.01 6.14 0.69 1 21.1050081253 engnx02a.utdallas.edu 1729805516.24 1729805537.34 1 0.498172044754 20.604172945 0.00204706192017 0.00615310668945 0.000680208206177 20.5777029991 0.0 0.0 0.0 0.0 0.0 0.0 0.0 0.0}
replayTaskStats OAI22 delay__B__lh__OUT__hl__ACQ_1 {0.07 0.01 6.29 0.74 1 7.07122802734 engnx02a.utdallas.edu 1729805537.34 1729805544.42 1 0.0431261062622 7.02530002594 0.00209784507751 0.00591397285461 0.000684022903442 6.99977684021 0.0 0.0 0.0 0.0 0.0 0.0 0.0 0.0}
replayTaskStats OAI22 delay__C__hl__OUT__lh__ACQ_1 {0.06 0.01 6.1 0.71 1 6.8332529068 engnx02a.utdallas.edu 1729805544.42 1729805551.25 1 0.0430910587311 6.78714203835 0.00267696380615 0.00694608688354 0.000710964202881 6.75845384598 0.0 0.0 0.0 0.0 0.0 0.0 0.0 0.0}
replayTaskStats OAI22 delay__C__lh__OUT__hl__ACQ_1 {0.07 0.0 6.04 0.69 1 6.77246999741 engnx02a.utdallas.edu 1729805551.25 1729805558.02 1 0.0489151477814 6.72102308273 0.00187087059021 0.00683283805847 0.000662088394165 6.693764925 0.0 0.0 0.0 0.0 0.0 0.0 0.0 0.0}
replayTaskStats OAI22 delay__D__hl__OUT__lh__ACQ_1 {0.07 0.01 6.07 0.72 1 14.7567369938 engnx02a.utdallas.edu 1729805558.02 1729805572.78 1 0.0468590259552 14.7072770596 0.0778279304504 0.477204799652 0.000856876373291 14.1332268715 0.0 0.0 0.0 0.0 0.0 0.0 0.0 0.0}
replayTaskStats OAI22 delay__D__lh__OUT__hl__ACQ_1 {0.18 0.05 6.05 0.69 1 9.3015089035 engnx02a.utdallas.edu 1729805572.78 1729805582.08 1 0.387874126434 8.83138012886 0.00195908546448 0.00786209106445 0.000699043273926 8.80283904076 0.0 0.0 0.0 0.0 0.0 0.0 0.0 0.0}
replayTaskStats OAI22 leakage_power__ACQ_1 {0.05 0.02 6.06 0.72 1 7.06083106995 engnx02a.utdallas.edu 1729805582.08 1729805589.14 1 0.035829782486 7.02121591568 0.00207090377808 0.0525949001312 0.00191402435303 6.95202302933 0.0 0.0 0.0 0.0 0.0 0.0 0.0 0.0}
replayTaskStats OAI22 Cin__VSS__hl__ACQ_1 {0.06 0.0 6.12 0.73 1 7.07424998283 engnx02a.utdallas.edu 1729805589.14 1729805596.22 1 0.0476231575012 7.02395296097 0.00205397605896 0.00511002540588 0.000716924667358 7.00270199776 0.0 0.0 0.0 0.0 0.0 0.0 0.0 0.0}
replayTaskStats OAI22 Cin__VSS__lh__ACQ_1 {0.05 0.01 5.9 0.73 1 6.65267181396 engnx02a.utdallas.edu 1729805596.22 1729805602.87 1 0.0362901687622 6.61376094818 0.00190591812134 0.00547790527344 0.000642061233521 6.59278011322 0.0 0.0 0.0 0.0 0.0 0.0 0.0 0.0}
replayTaskStats OAI22 Cin__VDD__hl__ACQ_1 {0.05 0.01 6.09 0.73 1 6.84514689445 engnx02a.utdallas.edu 1729805602.87 1729805609.72 1 0.034157037735 6.80802297592 0.00247478485107 0.00665903091431 0.000850915908813 6.7851190567 0.0 0.0 0.0 0.0 0.0 0.0 0.0 0.0}
replayTaskStats OAI22 Cin__VDD__lh__ACQ_1 {0.05 0.01 6.1 0.71 1 7.57647299767 engnx02a.utdallas.edu 1729805609.72 1729805617.29 1 0.0401680469513 7.53365087509 0.00192189216614 0.750185966492 0.000720024108887 6.76743912697 0.0 0.0 0.0 0.0 0.0 0.0 0.0 0.0}
replayTaskStats OAI22 modeling {0.23 0.01 0.0 0.0 1 0.281388998032 engnx02a.utdallas.edu 1729805651.26 1729805651.54 1}
replayTaskStats OAI22 configure {0.17 0.01 0.0 0.0 1 0.248534917831 engnx03a.utdallas.edu 1733254005.35 1733254005.6 1}
replayTaskStats OAI22 delay__A__hl__OUT__lh__ACQ_1 {0.11 0.01 5.99 0.69 1 6.80614089966 engnx03a.utdallas.edu 1733254012.91 1733254019.72 1 0.102326154709 6.70059204102 0.00207996368408 0.0308818817139 0.000847101211548 6.55716013908 0.0 0.0 0.0 0.0 0.0 0.0 0.0 0.0}
replayTaskStats OAI22 delay__A__lh__OUT__hl__ACQ_1 {0.06 0.01 5.89 0.65 1 6.60353899002 engnx03a.utdallas.edu 1733254019.72 1733254026.32 1 0.0492379665375 6.55159401894 0.0023250579834 0.0387568473816 0.00075101852417 6.49270606041 0.0 0.0 0.0 0.0 0.0 0.0 0.0 0.0}
replayTaskStats OAI22 delay__B__hl__OUT__lh__ACQ_1 {0.1 0.01 5.95 0.64 1 6.64463615417 engnx03a.utdallas.edu 1733254026.32 1733254032.97 1 0.0844929218292 6.55752396584 0.00191807746887 0.00665998458862 0.000668048858643 6.53063416481 0.0 0.0 0.0 0.0 0.0 0.0 0.0 0.0}
replayTaskStats OAI22 delay__B__lh__OUT__hl__ACQ_1 {0.06 0.01 6.08 0.69 1 6.82976198196 engnx03a.utdallas.edu 1733254032.97 1733254039.8 1 0.0546600818634 6.77235102654 0.00219893455505 0.0299069881439 0.000704050064087 6.72147297859 0.0 0.0 0.0 0.0 0.0 0.0 0.0 0.0}
replayTaskStats OAI22 delay__C__hl__OUT__lh__ACQ_1 {0.06 0.0 5.92 0.65 1 6.61721992493 engnx03a.utdallas.edu 1733254039.8 1733254046.42 1 0.05384516716 6.56065583229 0.00205397605896 0.00664305686951 0.000708103179932 6.53493189812 0.0 0.0 0.0 0.0 0.0 0.0 0.0 0.0}
replayTaskStats OAI22 delay__C__lh__OUT__hl__ACQ_1 {0.06 0.01 6.19 0.72 1 6.94940590858 engnx03a.utdallas.edu 1733254046.42 1733254053.37 1 0.0526599884033 6.89414811134 0.00191211700439 0.00672602653503 0.000662088394165 6.86839389801 0.0 0.0 0.0 0.0 0.0 0.0 0.0 0.0}
replayTaskStats OAI22 delay__D__hl__OUT__lh__ACQ_1 {0.06 0.0 5.91 0.66 1 6.59909582138 engnx03a.utdallas.edu 1733254053.37 1733254059.97 1 0.0526959896088 6.54378414154 0.00212693214417 0.00673794746399 0.00067400932312 6.51776123047 0.0 0.0 0.0 0.0 0.0 0.0 0.0 0.0}
replayTaskStats OAI22 delay__D__lh__OUT__hl__ACQ_1 {0.07 0.01 6.1 0.66 1 6.78054404259 engnx03a.utdallas.edu 1733254059.97 1733254066.75 1 0.05619597435 6.72173500061 0.00220394134521 0.0062358379364 0.000663995742798 6.69625496864 0.0 0.0 0.0 0.0 0.0 0.0 0.0 0.0}
replayTaskStats OAI22 leakage_power__ACQ_1 {0.04 0.01 5.92 0.68 1 6.64075493813 engnx03a.utdallas.edu 1733254066.75 1733254073.39 1 0.0647728443146 6.5730240345 0.00192403793335 0.00534892082214 0.00231099128723 6.55219006538 0.0 0.0 0.0 0.0 0.0 0.0 0.0 0.0}
replayTaskStats OAI22 Cin__VSS__hl__ACQ_1 {0.05 0.0 5.85 0.63 1 6.51015210152 engnx03a.utdallas.edu 1733254073.39 1733254079.9 1 0.0522210597992 6.45523405075 0.00223207473755 0.00485682487488 0.000663995742798 6.43560194969 0.0 0.0 0.0 0.0 0.0 0.0 0.0 0.0}
replayTaskStats OAI22 Cin__VSS__lh__ACQ_1 {0.05 0.01 5.92 0.63 1 6.57009911537 engnx03a.utdallas.edu 1733254079.9 1733254086.47 1 0.047199010849 6.52030396461 0.00202393531799 0.00493788719177 0.000669956207275 6.50020003319 0.0 0.0 0.0 0.0 0.0 0.0 0.0 0.0}
replayTaskStats OAI22 Cin__VDD__hl__ACQ_1 {0.05 0.01 5.93 0.7 1 6.62763595581 engnx03a.utdallas.edu 1733254086.47 1733254093.1 1 0.0367939472198 6.58826780319 0.0020740032196 0.00471997261047 0.000645160675049 6.5695681572 0.0 0.0 0.0 0.0 0.0 0.0 0.0 0.0}
replayTaskStats OAI22 Cin__VDD__lh__ACQ_1 {0.05 0.0 5.93 0.67 1 6.61001396179 engnx03a.utdallas.edu 1733254093.1 1733254099.71 1 0.0486559867859 6.55872702599 0.00206208229065 0.00482296943665 0.000667095184326 6.53994703293 0.0 0.0 0.0 0.0 0.0 0.0 0.0 0.0}
replayTaskStats OAI22 modeling {0.25 0.01 0.0 0.0 1 0.326025009155 engnx03a.utdallas.edu 1733254120.49 1733254120.81 1}
replayTaskStats OAI22 configure {0.17 0.02 0.0 0.0 1 0.228957891464 engnx02a.utdallas.edu 1733459580.48 1733459580.7 1}
replayTaskStats OAI22 delay__A__hl__OUT__lh__ACQ_1 {0.12 0.01 6.08 0.76 1 6.91649794579 engnx02a.utdallas.edu 1733459585.76 1733459592.68 1 0.0862829685211 6.82705879211 0.00197505950928 0.00798511505127 0.000869989395142 6.70463490486 0.0 0.0 0.0 0.0 0.0 0.0 0.0 0.0}
replayTaskStats OAI22 delay__A__lh__OUT__hl__ACQ_1 {0.06 0.01 6.07 0.7 1 6.77746486664 engnx02a.utdallas.edu 1733459592.68 1733459599.46 1 0.040463924408 6.73455500603 0.0019268989563 0.00636410713196 0.000665187835693 6.70941400528 0.0 0.0 0.0 0.0 0.0 0.0 0.0 0.0}
replayTaskStats OAI22 delay__B__hl__OUT__lh__ACQ_1 {0.09 0.0 6.11 0.7 1 6.85805606842 engnx02a.utdallas.edu 1733459599.46 1733459606.32 1 0.0706279277802 6.78487610817 0.00216794013977 0.00671195983887 0.000669956207275 6.7584271431 0.0 0.0 0.0 0.0 0.0 0.0 0.0 0.0}
replayTaskStats OAI22 delay__B__lh__OUT__hl__ACQ_1 {0.06 0.02 6.19 0.72 1 6.92291688919 engnx02a.utdallas.edu 1733459606.32 1733459613.24 1 0.0492949485779 6.87101411819 0.00194811820984 0.00714206695557 0.000699996948242 6.8421421051 0.0 0.0 0.0 0.0 0.0 0.0 0.0 0.0}
replayTaskStats OAI22 delay__C__hl__OUT__lh__ACQ_1 {0.06 0.01 5.98 0.68 1 6.67211294174 engnx02a.utdallas.edu 1733459613.24 1733459619.91 1 0.0422620773315 6.62725400925 0.00200295448303 0.00653409957886 0.000680923461914 6.60180211067 0.0 0.0 0.0 0.0 0.0 0.0 0.0 0.0}
replayTaskStats OAI22 delay__C__lh__OUT__hl__ACQ_1 {0.06 0.01 5.96 0.69 1 6.67849111557 engnx02a.utdallas.edu 1733459619.92 1733459626.59 1 0.0399770736694 6.63595294952 0.00198602676392 0.00687599182129 0.000669002532959 6.61009907722 0.0 0.0 0.0 0.0 0.0 0.0 0.0 0.0}
replayTaskStats OAI22 delay__D__hl__OUT__lh__ACQ_1 {0.07 0.0 5.98 0.68 1 6.67934083939 engnx02a.utdallas.edu 1733459626.59 1733459633.27 1 0.0417640209198 6.63504290581 0.00216484069824 0.00718688964844 0.000717878341675 6.60810303688 0.0 0.0 0.0 0.0 0.0 0.0 0.0 0.0}
replayTaskStats OAI22 delay__D__lh__OUT__hl__ACQ_1 {0.06 0.01 5.93 0.72 1 6.64522194862 engnx02a.utdallas.edu 1733459633.27 1733459639.92 1 0.0412209033966 6.60144090652 0.00217294692993 0.00675511360168 0.000710010528564 6.57472205162 0.0 0.0 0.0 0.0 0.0 0.0 0.0 0.0}
replayTaskStats OAI22 leakage_power__ACQ_1 {0.05 0.0 5.82 0.69 1 6.51210594177 engnx02a.utdallas.edu 1733459639.92 1733459646.43 1 0.0336830615997 6.47556591034 0.0019109249115 0.0050060749054 0.00246286392212 6.45378494263 0.0 0.0 0.0 0.0 0.0 0.0 0.0 0.0}
replayTaskStats OAI22 Cin__VSS__hl__ACQ_1 {0.05 0.01 5.89 0.67 1 6.56505489349 engnx02a.utdallas.edu 1733459646.43 1733459653.0 1 0.0372848510742 6.52529811859 0.00181698799133 0.00454592704773 0.000613927841187 6.50736093521 0.0 0.0 0.0 0.0 0.0 0.0 0.0 0.0}
replayTaskStats OAI22 Cin__VSS__lh__ACQ_1 {0.05 0.0 5.86 0.69 1 6.55713820457 engnx02a.utdallas.edu 1733459653.0 1733459659.56 1 0.0327279567719 6.52177810669 0.00188398361206 0.00542902946472 0.000615119934082 6.50254011154 0.0 0.0 0.0 0.0 0.0 0.0 0.0 0.0}
replayTaskStats OAI22 Cin__VDD__hl__ACQ_1 {0.05 0.01 5.86 0.71 1 6.564909935 engnx02a.utdallas.edu 1733459659.56 1733459666.12 1 0.0328440666199 6.52964997292 0.00188994407654 0.00531196594238 0.000617027282715 6.51099085808 0.0 0.0 0.0 0.0 0.0 0.0 0.0 0.0}
replayTaskStats OAI22 Cin__VDD__lh__ACQ_1 {0.04 0.01 5.87 0.69 1 6.56260514259 engnx02a.utdallas.edu 1733459666.12 1733459672.68 1 0.0323078632355 6.52787017822 0.00197219848633 0.00510787963867 0.000619888305664 6.50944304466 0.0 0.0 0.0 0.0 0.0 0.0 0.0 0.0}
replayTaskStats OAI22 modeling {0.24 0.02 0.0 0.0 1 0.284977912903 engnx02a.utdallas.edu 1733459732.87 1733459733.15 1}
