replayTaskStats NOR3 configure {0.15 0.01 0.0 0.0 1 0.212779998779 engnx02a.utdallas.edu 1729736882.5 1729736882.71 1}
replayTaskStats NOR3 delay__B__lh__OUT__hl__ACQ_1 {0.14 0.01 6.16 0.7 1 7.35632705688 engnx02a.utdallas.edu 1729736896.39 1729736903.75 1 0.123473882675 7.23015284538 0.00222706794739 0.00623488426208 0.000643968582153 7.20267605782 0.0 0.0 0.0 0.0 0.0 0.0 0.0 0.0}
replayTaskStats NOR3 delay__B__hl__OUT__lh__ACQ_1 {0.06 0.01 6.08 0.69 1 8.14003801346 engnx02a.utdallas.edu 1729736903.75 1729736911.89 1 0.0383968353271 8.09911203384 0.00182700157166 1.22704315186 0.000649929046631 6.85339188576 0.0 0.0 0.0 0.0 0.0 0.0 0.0 0.0}
replayTaskStats NOR3 delay__C__lh__OUT__hl__ACQ_1 {0.06 0.01 5.88 0.68 1 8.04835891724 engnx02a.utdallas.edu 1729736911.89 1729736919.94 1 0.773363113403 7.13937807083 0.00208520889282 0.499866962433 0.000677108764648 6.6192138195 0.0 0.0 0.0 0.0 0.0 0.0 0.0 0.0}
replayTaskStats NOR3 delay__C__hl__OUT__lh__ACQ_1 {0.06 0.0 6.03 0.65 1 7.07527899742 engnx02a.utdallas.edu 1729736919.94 1729736927.01 1 0.246599197388 6.73846888542 0.00207805633545 0.00564503669739 0.000675916671753 6.71352910995 0.0 0.0 0.0 0.0 0.0 0.0 0.0 0.0}
replayTaskStats NOR3 delay__A__lh__OUT__hl__ACQ_1 {0.06 0.01 6.02 0.78 1 6.8692240715 engnx02a.utdallas.edu 1729736927.01 1729736933.88 1 0.0409979820251 6.825715065 0.00190782546997 0.0061559677124 0.000641107559204 6.80055689812 0.0 0.0 0.0 0.0 0.0 0.0 0.0 0.0}
replayTaskStats NOR3 delay__A__hl__OUT__lh__ACQ_1 {0.06 0.0 6.1 0.71 1 6.85721993446 engnx02a.utdallas.edu 1729736933.88 1729736940.74 1 0.0375781059265 6.81710195541 0.00198101997375 0.00630497932434 0.000663995742798 6.79186487198 0.0 0.0 0.0 0.0 0.0 0.0 0.0 0.0}
replayTaskStats NOR3 leakage_power__ACQ_1 {0.43 0.07 65.01 7.33 1 87.1156258583 engnx02a.utdallas.edu 1729736940.74 1729737027.86 1 0.094722032547 9.56742405891 0.00188589096069 0.00517177581787 0.00187587738037 83.4767200947 0.0 0.0 0.0 0.0 0.0 0.0 0.0 0.0}
replayTaskStats NOR3 leakage_power__ACQ_1 {0.43 0.07 65.01 7.33 1 87.116132021 engnx02a.utdallas.edu 1729736940.74 1729737027.86 1 0.094722032547 9.56742405891 0.00188589096069 0.00517177581787 0.00187587738037 83.4767200947 0.0 0.0 0.0 0.0 0.0 0.0 0.0 0.0}
replayTaskStats NOR3 leakage_power__ACQ_1 {0.43 0.07 65.01 7.33 1 87.1166059971 engnx02a.utdallas.edu 1729736940.74 1729737027.86 1 0.094722032547 9.56742405891 0.00188589096069 0.00517177581787 0.00187587738037 83.4767200947 0.0 0.0 0.0 0.0 0.0 0.0 0.0 0.0}
replayTaskStats NOR3 leakage_power__ACQ_1 {0.43 0.07 65.01 7.33 1 87.1170859337 engnx02a.utdallas.edu 1729736940.74 1729737027.86 1 0.094722032547 9.56742405891 0.00188589096069 0.00517177581787 0.00187587738037 83.4767200947 0.0 0.0 0.0 0.0 0.0 0.0 0.0 0.0}
replayTaskStats NOR3 leakage_power__ACQ_1 {0.43 0.07 65.01 7.33 1 87.1175510883 engnx02a.utdallas.edu 1729736940.74 1729737027.86 1 0.094722032547 9.56742405891 0.00188589096069 0.00517177581787 0.00187587738037 83.4767200947 0.0 0.0 0.0 0.0 0.0 0.0 0.0 0.0}
replayTaskStats NOR3 leakage_power__ACQ_1 {0.43 0.07 65.01 7.33 1 87.1180169582 engnx02a.utdallas.edu 1729736940.74 1729737027.86 1 0.094722032547 9.56742405891 0.00188589096069 0.00517177581787 0.00187587738037 83.4767200947 0.0 0.0 0.0 0.0 0.0 0.0 0.0 0.0}
replayTaskStats NOR3 leakage_power__ACQ_1 {0.43 0.07 65.01 7.33 1 87.1184859276 engnx02a.utdallas.edu 1729736940.74 1729737027.86 1 0.094722032547 9.56742405891 0.00188589096069 0.00517177581787 0.00187587738037 83.4767200947 0.0 0.0 0.0 0.0 0.0 0.0 0.0 0.0}
replayTaskStats NOR3 leakage_power__ACQ_1 {0.43 0.07 65.01 7.33 1 87.1189539433 engnx02a.utdallas.edu 1729736940.74 1729737027.86 1 0.094722032547 9.56742405891 0.00188589096069 0.00517177581787 0.00187587738037 83.4767200947 0.0 0.0 0.0 0.0 0.0 0.0 0.0 0.0}
replayTaskStats NOR3 leakage_power__ACQ_1 {0.43 0.07 65.01 7.33 1 87.1194169521 engnx02a.utdallas.edu 1729736940.74 1729737027.86 1 0.094722032547 9.56742405891 0.00188589096069 0.00517177581787 0.00187587738037 83.4767200947 0.0 0.0 0.0 0.0 0.0 0.0 0.0 0.0}
replayTaskStats NOR3 leakage_power__ACQ_1 {0.43 0.07 65.01 7.33 1 87.1198809147 engnx02a.utdallas.edu 1729736940.74 1729737027.86 1 0.094722032547 9.56742405891 0.00188589096069 0.00517177581787 0.00187587738037 83.4767200947 0.0 0.0 0.0 0.0 0.0 0.0 0.0 0.0}
replayTaskStats NOR3 Cin__VSS__lh__ACQ_1 {0.06 0.01 6.04 0.7 1 6.76318979263 engnx02a.utdallas.edu 1729737027.86 1729737034.63 1 0.0369729995728 6.72341895103 0.00215911865234 0.00406002998352 0.000622034072876 6.70526695251 0.0 0.0 0.0 0.0 0.0 0.0 0.0 0.0}
replayTaskStats NOR3 Cin__VSS__hl__ACQ_1 {0.04 0.0 5.97 0.71 1 6.69404292107 engnx02a.utdallas.edu 1729737034.63 1729737041.32 1 0.0315690040588 6.65996980667 0.0020649433136 0.00442910194397 0.000648975372314 6.64182686806 0.0 0.0 0.0 0.0 0.0 0.0 0.0 0.0}
replayTaskStats NOR3 Cin__VDD__lh__ACQ_1 {0.04 0.01 5.95 0.72 1 6.70444202423 engnx02a.utdallas.edu 1729737041.32 1729737048.03 1 0.0314879417419 6.67047595978 0.00186014175415 0.00401306152344 0.000635862350464 6.65301680565 0.0 0.0 0.0 0.0 0.0 0.0 0.0 0.0}
replayTaskStats NOR3 Cin__VDD__hl__ACQ_1 {0.05 0.01 5.99 0.72 1 7.42941999435 engnx02a.utdallas.edu 1729737048.03 1729737055.46 1 0.0322020053864 7.3947019577 0.00197291374207 0.687325000763 0.000632047653198 6.69353199005 0.0 0.0 0.0 0.0 0.0 0.0 0.0 0.0}
replayTaskStats NOR3 modeling {0.17 0.01 0.0 0.0 1 0.188436985016 engnx02a.utdallas.edu 1729737074.93 1729737075.12 1}
replayTaskStats NOR3 configure {0.14 0.02 0.0 0.0 1 0.188864946365 engnx03a.utdallas.edu 1733253752.58 1733253752.77 1}
replayTaskStats NOR3 delay__B__lh__OUT__hl__ACQ_1 {0.11 0.01 5.99 0.74 1 6.83841109276 engnx03a.utdallas.edu 1733253758.94 1733253765.78 1 0.0820751190186 6.75301504135 0.00210189819336 0.00703597068787 0.000907897949219 6.62761092186 0.0 0.0 0.0 0.0 0.0 0.0 0.0 0.0}
replayTaskStats NOR3 delay__B__hl__OUT__lh__ACQ_1 {0.06 0.0 5.99 0.68 1 6.68014717102 engnx03a.utdallas.edu 1733253765.78 1733253772.46 1 0.0379538536072 6.63947606087 0.00194597244263 0.00669002532959 0.000697135925293 6.61394286156 0.0 0.0 0.0 0.0 0.0 0.0 0.0 0.0}
replayTaskStats NOR3 delay__C__lh__OUT__hl__ACQ_1 {0.06 0.01 5.98 0.7 1 6.68295001984 engnx03a.utdallas.edu 1733253772.46 1733253779.14 1 0.0385389328003 6.6417632103 0.002032995224 0.00686478614807 0.000679016113281 6.61557102203 0.0 0.0 0.0 0.0 0.0 0.0 0.0 0.0}
replayTaskStats NOR3 delay__C__hl__OUT__lh__ACQ_1 {0.08 0.02 5.92 0.67 1 6.64417314529 engnx03a.utdallas.edu 1733253779.14 1733253785.79 1 0.0582940578461 6.5830450058 0.00216913223267 0.00657892227173 0.000775098800659 6.54649591446 0.0 0.0 0.0 0.0 0.0 0.0 0.0 0.0}
replayTaskStats NOR3 delay__A__lh__OUT__hl__ACQ_1 {0.06 0.01 6.11 0.66 1 6.77766489983 engnx03a.utdallas.edu 1733253785.79 1733253792.57 1 0.0399129390717 6.73501515388 0.00200414657593 0.00647306442261 0.000725984573364 6.70905089378 0.0 0.0 0.0 0.0 0.0 0.0 0.0 0.0}
replayTaskStats NOR3 leakage_power__ACQ_1 {0.04 0.01 5.93 0.67 1 6.59083795547 engnx03a.utdallas.edu 1733253799.12 1733253805.71 1 0.0290770530701 6.55893611908 0.00207209587097 0.00508785247803 0.00260400772095 6.537514925 0.0 0.0 0.0 0.0 0.0 0.0 0.0 0.0}
replayTaskStats NOR3 delay__A__hl__OUT__lh__ACQ_1 {0.06 0.0 5.86 0.66 1 6.55247712135 engnx03a.utdallas.edu 1733253792.57 1733253799.12 1 0.0396640300751 6.51013588905 0.0021231174469 0.0069100856781 0.00070595741272 6.48339104652 0.0 0.0 0.0 0.0 0.0 0.0 0.0 0.0}
replayTaskStats NOR3 Cin__VSS__lh__ACQ_1 {0.06 0.01 5.95 0.64 1 6.61426997185 engnx03a.utdallas.edu 1733253805.71 1733253812.33 1 0.0360951423645 6.57510495186 0.00273990631104 0.0228550434113 0.000865936279297 6.53580617905 0.0 0.0 0.0 0.0 0.0 0.0 0.0 0.0}
replayTaskStats NOR3 Cin__VSS__hl__ACQ_1 {0.05 0.0 5.97 0.67 1 6.66715598106 engnx03a.utdallas.edu 1733253812.33 1733253818.99 1 0.0414860248566 6.62260699272 0.00215601921082 0.00555396080017 0.000725030899048 6.60095691681 0.0 0.0 0.0 0.0 0.0 0.0 0.0 0.0}
replayTaskStats NOR3 Cin__VDD__lh__ACQ_1 {0.04 0.01 5.97 0.66 1 6.63346600533 engnx03a.utdallas.edu 1733253818.99 1733253825.63 1 0.031797170639 6.59895896912 0.00223708152771 0.00569486618042 0.000710964202881 6.57855200768 0.0 0.0 0.0 0.0 0.0 0.0 0.0 0.0}
replayTaskStats NOR3 Cin__VDD__hl__ACQ_1 {0.05 0.01 5.81 0.72 1 6.5467441082 engnx03a.utdallas.edu 1733253825.63 1733253832.18 1 0.0334668159485 6.51057600975 0.00268197059631 0.0179600715637 0.000876188278198 6.47661399841 0.0 0.0 0.0 0.0 0.0 0.0 0.0 0.0}
replayTaskStats NOR3 modeling {0.2 0.0 0.0 0.0 1 0.395823955536 engnx03a.utdallas.edu 1733253853.48 1733253853.88 1}
replayTaskStats NOR3 configure {0.13 0.0 0.0 0.0 1 0.186698913574 engnx02a.utdallas.edu 1733459200.93 1733459201.11 1}
replayTaskStats NOR3 delay__B__lh__OUT__hl__ACQ_1 {0.11 0.01 6.21 0.75 1 7.03066396713 engnx02a.utdallas.edu 1733459206.11 1733459213.14 1 0.0816440582275 6.9458360672 0.00209712982178 0.00757098197937 0.000869989395142 6.82059693336 0.0 0.0 0.0 0.0 0.0 0.0 0.0 0.0}
replayTaskStats NOR3 delay__B__hl__OUT__lh__ACQ_1 {0.07 0.01 6.01 0.74 1 6.77251505852 engnx02a.utdallas.edu 1733459213.14 1733459219.91 1 0.0414640903473 6.72857117653 0.00186395645142 0.00611114501953 0.000641822814941 6.70253515244 0.0 0.0 0.0 0.0 0.0 0.0 0.0 0.0}
replayTaskStats NOR3 delay__C__lh__OUT__hl__ACQ_1 {0.05 0.0 6.01 0.74 1 6.74287796021 engnx02a.utdallas.edu 1733459219.91 1733459226.66 1 0.0359518527985 6.70444607735 0.00235795974731 0.00734210014343 0.000647068023682 6.67821311951 0.0 0.0 0.0 0.0 0.0 0.0 0.0 0.0}
replayTaskStats NOR3 delay__C__hl__OUT__lh__ACQ_1 {0.07 0.01 6.09 0.7 1 6.82772994041 engnx02a.utdallas.edu 1733459226.66 1733459233.49 1 0.0522019863129 6.77307200432 0.0019748210907 0.0066339969635 0.000638961791992 6.74747514725 0.0 0.0 0.0 0.0 0.0 0.0 0.0 0.0}
replayTaskStats NOR3 delay__A__lh__OUT__hl__ACQ_1 {0.06 0.01 5.87 0.7 1 6.57712006569 engnx02a.utdallas.edu 1733459233.49 1733459240.06 1 0.0394940376282 6.53206181526 0.00195217132568 0.00680494308472 0.000648975372314 6.50648880005 0.0 0.0 0.0 0.0 0.0 0.0 0.0 0.0}
replayTaskStats NOR3 leakage_power__ACQ_1 {0.04 0.0 5.81 0.66 1 6.47265410423 engnx02a.utdallas.edu 1733459246.73 1733459253.21 1 0.0272119045258 6.44284081459 0.00190401077271 0.00478196144104 0.00220799446106 6.42316579819 0.0 0.0 0.0 0.0 0.0 0.0 0.0 0.0}
replayTaskStats NOR3 delay__A__hl__OUT__lh__ACQ_1 {0.06 0.01 5.96 0.7 1 6.66980791092 engnx02a.utdallas.edu 1733459240.06 1733459246.73 1 0.0407090187073 6.62659692764 0.00197911262512 0.00676393508911 0.000623941421509 6.60085582733 0.0 0.0 0.0 0.0 0.0 0.0 0.0 0.0}
replayTaskStats NOR3 Cin__VSS__lh__ACQ_1 {0.05 0.01 5.91 0.72 1 6.62110495567 engnx02a.utdallas.edu 1733459253.21 1733459259.83 1 0.0329270362854 6.58570504189 0.00219893455505 0.00517177581787 0.000615119934082 6.56704115868 0.0 0.0 0.0 0.0 0.0 0.0 0.0 0.0}
replayTaskStats NOR3 Cin__VSS__hl__ACQ_1 {0.04 0.0 5.95 0.69 1 6.62883210182 engnx02a.utdallas.edu 1733459259.83 1733459266.46 1 0.0298678874969 6.59630393982 0.00211596488953 0.0051429271698 0.000636100769043 6.57770490646 0.0 0.0 0.0 0.0 0.0 0.0 0.0 0.0}
replayTaskStats NOR3 Cin__VDD__lh__ACQ_1 {0.04 0.01 5.98 0.7 1 6.68872404099 engnx02a.utdallas.edu 1733459266.46 1733459273.15 1 0.0297069549561 6.65640306473 0.00205993652344 0.00506901741028 0.000609159469604 6.63733315468 0.0 0.0 0.0 0.0 0.0 0.0 0.0 0.0}
replayTaskStats NOR3 Cin__VDD__hl__ACQ_1 {0.05 0.0 6.17 0.72 1 6.89531588554 engnx02a.utdallas.edu 1733459273.15 1733459280.04 1 0.0301020145416 6.86267089844 0.00198078155518 0.00508308410645 0.000681161880493 6.84300994873 0.0 0.0 0.0 0.0 0.0 0.0 0.0 0.0}
replayTaskStats NOR3 modeling {0.17 0.02 0.0 0.0 1 0.213572978973 engnx02a.utdallas.edu 1733459400.62 1733459400.83 1}
