replayTaskStats MUX21 configure {0.16 0.01 0.0 0.0 1 0.215649843216 engnx02a.utdallas.edu 1729720830.66 1729720830.88 1}
replayTaskStats MUX21 leakage_power__ACQ_1 {0.53 0.09 65.03 7.02 1 88.9075229168 engnx02a.utdallas.edu 1729720839.77 1729720928.67 1 0.028783082962 7.58982896805 0.00208711624146 0.00946402549744 0.00163102149963 85.3983221054 0.0 0.0 0.0 0.0 0.0 0.0 0.0 0.0}
replayTaskStats MUX21 leakage_power__ACQ_1 {0.53 0.09 65.03 7.02 1 88.908000946 engnx02a.utdallas.edu 1729720839.77 1729720928.68 1 0.028783082962 7.58982896805 0.00208711624146 0.00946402549744 0.00163102149963 85.3983221054 0.0 0.0 0.0 0.0 0.0 0.0 0.0 0.0}
replayTaskStats MUX21 leakage_power__ACQ_1 {0.53 0.09 65.03 7.02 1 88.9084589481 engnx02a.utdallas.edu 1729720839.77 1729720928.68 1 0.028783082962 7.58982896805 0.00208711624146 0.00946402549744 0.00163102149963 85.3983221054 0.0 0.0 0.0 0.0 0.0 0.0 0.0 0.0}
replayTaskStats MUX21 leakage_power__ACQ_1 {0.53 0.09 65.03 7.02 1 88.9089109898 engnx02a.utdallas.edu 1729720839.77 1729720928.68 1 0.028783082962 7.58982896805 0.00208711624146 0.00946402549744 0.00163102149963 85.3983221054 0.0 0.0 0.0 0.0 0.0 0.0 0.0 0.0}
replayTaskStats MUX21 leakage_power__ACQ_1 {0.53 0.09 65.03 7.02 1 88.909373045 engnx02a.utdallas.edu 1729720839.77 1729720928.68 1 0.028783082962 7.58982896805 0.00208711624146 0.00946402549744 0.00163102149963 85.3983221054 0.0 0.0 0.0 0.0 0.0 0.0 0.0 0.0}
replayTaskStats MUX21 leakage_power__ACQ_1 {0.53 0.09 65.03 7.02 1 88.9098289013 engnx02a.utdallas.edu 1729720839.77 1729720928.68 1 0.028783082962 7.58982896805 0.00208711624146 0.00946402549744 0.00163102149963 85.3983221054 0.0 0.0 0.0 0.0 0.0 0.0 0.0 0.0}
replayTaskStats MUX21 leakage_power__ACQ_1 {0.53 0.09 65.03 7.02 1 88.9102900028 engnx02a.utdallas.edu 1729720839.77 1729720928.68 1 0.028783082962 7.58982896805 0.00208711624146 0.00946402549744 0.00163102149963 85.3983221054 0.0 0.0 0.0 0.0 0.0 0.0 0.0 0.0}
replayTaskStats MUX21 leakage_power__ACQ_1 {0.53 0.09 65.03 7.02 1 88.910763979 engnx02a.utdallas.edu 1729720839.77 1729720928.68 1 0.028783082962 7.58982896805 0.00208711624146 0.00946402549744 0.00163102149963 85.3983221054 0.0 0.0 0.0 0.0 0.0 0.0 0.0 0.0}
replayTaskStats MUX21 leakage_power__ACQ_1 {0.53 0.09 65.03 7.02 1 88.9112238884 engnx02a.utdallas.edu 1729720839.77 1729720928.68 1 0.028783082962 7.58982896805 0.00208711624146 0.00946402549744 0.00163102149963 85.3983221054 0.0 0.0 0.0 0.0 0.0 0.0 0.0 0.0}
replayTaskStats MUX21 leakage_power__ACQ_1 {0.53 0.09 65.03 7.02 1 88.9116740227 engnx02a.utdallas.edu 1729720839.77 1729720928.68 1 0.028783082962 7.58982896805 0.00208711624146 0.00946402549744 0.00163102149963 85.3983221054 0.0 0.0 0.0 0.0 0.0 0.0 0.0 0.0}
replayTaskStats MUX21 delay__A__hl__OUT__hl__ACQ_1 {0.06 0.01 6.26 0.69 1 6.96923398972 engnx02a.utdallas.edu 1729720928.68 1729720935.65 1 0.0373928546906 6.92903113365 0.00201487541199 0.00574111938477 0.000662803649902 6.90445494652 0.0 0.0 0.0 0.0 0.0 0.0 0.0 0.0}
replayTaskStats MUX21 delay__A__lh__OUT__lh__ACQ_1 {0.06 0.0 6.15 0.7 1 7.31494212151 engnx02a.utdallas.edu 1729720935.65 1729720942.96 1 0.0390779972076 7.2732770443 0.00202894210815 0.441975831985 0.00075101852417 6.81126999855 0.0 0.0 0.0 0.0 0.0 0.0 0.0 0.0}
replayTaskStats MUX21 delay__B__hl__OUT__hl__ACQ_1 {0.06 0.01 5.99 0.73 1 9.99563312531 engnx02a.utdallas.edu 1729720942.97 1729720952.96 1 0.589647054672 9.31198596954 0.00201082229614 0.551337003708 0.000646114349365 8.60856413841 0.0 0.0 0.0 0.0 0.0 0.0 0.0 0.0}
replayTaskStats MUX21 delay__B__lh__OUT__lh__ACQ_1 {0.07 0.01 6.14 0.66 1 7.28205180168 engnx02a.utdallas.edu 1729720952.96 1729720960.24 1 0.390184879303 6.82750701904 0.00268602371216 0.00777196884155 0.00108098983765 6.79645991325 0.0 0.0 0.0 0.0 0.0 0.0 0.0 0.0}
replayTaskStats MUX21 delay__S__hl__OUT__hl__ACQ_1 {0.08 0.0 6.26 0.71 1 7.04058909416 engnx02a.utdallas.edu 1729720960.24 1729720967.28 1 0.0583322048187 6.97885584831 0.00190401077271 0.00589299201965 0.000637054443359 6.95008087158 0.0 0.0 0.0 0.0 0.0 0.0 0.0 0.0}
replayTaskStats MUX21 delay__S__hl__OUT__lh__ACQ_1 {0.06 0.02 6.15 0.7 1 6.88287401199 engnx02a.utdallas.edu 1729720967.29 1729720974.17 1 0.0391311645508 6.84113502502 0.0029571056366 0.0083339214325 0.000940084457397 6.81002807617 0.0 0.0 0.0 0.0 0.0 0.0 0.0 0.0}
replayTaskStats MUX21 delay__S__lh__OUT__hl__ACQ_1 {0.06 0.0 6.28 0.73 1 7.03330898285 engnx02a.utdallas.edu 1729720974.17 1729720981.2 1 0.0394971370697 6.99107789993 0.00194692611694 0.00560212135315 0.000681161880493 6.96571993828 0.0 0.0 0.0 0.0 0.0 0.0 0.0 0.0}
replayTaskStats MUX21 delay__S__lh__OUT__lh__ACQ_1 {0.06 0.01 6.17 0.7 1 16.6474571228 engnx02a.utdallas.edu 1729720981.2 1729720997.85 1 0.0390028953552 16.6059629917 0.0017991065979 0.529683113098 0.000643968582153 16.0578589439 0.0 0.0 0.0 0.0 0.0 0.0 0.0 0.0}
replayTaskStats MUX21 Cin__VSS__hl__ACQ_1 {0.04 0.01 6.12 0.76 1 11.8312280178 engnx02a.utdallas.edu 1729720997.85 1729721009.68 1 0.385325193405 11.3018949032 0.00187611579895 0.00411200523376 0.000632047653198 11.2841579914 0.0 0.0 0.0 0.0 0.0 0.0 0.0 0.0}
replayTaskStats MUX21 Cin__VSS__lh__ACQ_1 {0.05 0.01 6.09 0.69 1 6.79953503609 engnx02a.utdallas.edu 1729721009.68 1729721016.48 1 0.0306050777435 6.76639699936 0.00196194648743 0.00440311431885 0.000705003738403 6.74735403061 0.0 0.0 0.0 0.0 0.0 0.0 0.0 0.0}
replayTaskStats MUX21 Cin__VDD__hl__ACQ_1 {0.04 0.01 5.94 0.74 1 6.6807320118 engnx02a.utdallas.edu 1729721016.48 1729721023.16 1 0.0345320701599 6.64362192154 0.00188589096069 0.00431704521179 0.000697135925293 6.6246240139 0.0 0.0 0.0 0.0 0.0 0.0 0.0 0.0}
replayTaskStats MUX21 Cin__VDD__lh__ACQ_1 {0.05 0.01 6.04 0.67 1 6.73730707169 engnx02a.utdallas.edu 1729721023.16 1729721029.9 1 0.0319290161133 6.70088076591 0.00196695327759 0.00444793701172 0.00069522857666 6.67839479446 0.0 0.0 0.0 0.0 0.0 0.0 0.0 0.0}
replayTaskStats MUX21 modeling {0.2 0.0 0.0 0.0 1 0.227375030518 engnx02a.utdallas.edu 1729721049.36 1729721049.59 1}
replayTaskStats MUX21 configure {0.16 0.01 0.0 0.0 1 0.211039066315 engnx03a.utdallas.edu 1733250565.69 1733250565.9 1}
replayTaskStats MUX21 delay__A__hl__OUT__hl__ACQ_1 {0.11 0.01 6.16 0.63 1 6.94489312172 engnx03a.utdallas.edu 1733250650.63 1733250657.57 1 0.0830750465393 6.85852909088 0.00192594528198 0.00703907012939 0.000850200653076 6.74242401123 0.0 0.0 0.0 0.0 0.0 0.0 0.0 0.0}
replayTaskStats MUX21 delay__A__lh__OUT__lh__ACQ_1 {0.06 0.0 6.33 0.62 1 6.96394896507 engnx03a.utdallas.edu 1733250657.57 1733250664.54 1 0.0376780033112 6.92368388176 0.00194001197815 0.00715398788452 0.000688076019287 6.89778900146 0.0 0.0 0.0 0.0 0.0 0.0 0.0 0.0}
replayTaskStats MUX21 delay__B__hl__OUT__hl__ACQ_1 {0.06 0.01 6.1 0.67 1 6.78847193718 engnx03a.utdallas.edu 1733250664.54 1733250671.32 1 0.0395629405975 6.74633002281 0.00207209587097 0.00634813308716 0.000679969787598 6.7204477787 0.0 0.0 0.0 0.0 0.0 0.0 0.0 0.0}
replayTaskStats MUX21 delay__B__lh__OUT__lh__ACQ_1 {0.11 0.02 6.19 0.59 1 6.86806297302 engnx03a.utdallas.edu 1733250671.33 1733250678.19 1 0.0952100753784 6.77008795738 0.00202989578247 0.00620198249817 0.000757932662964 6.74115896225 0.0 0.0 0.0 0.0 0.0 0.0 0.0 0.0}
replayTaskStats MUX21 delay__S__hl__OUT__hl__ACQ_1 {0.06 0.0 6.04 0.65 1 6.71130490303 engnx03a.utdallas.edu 1733250678.19 1733250684.91 1 0.039137840271 6.66939711571 0.00213408470154 0.00710701942444 0.000808000564575 6.64187693596 0.0 0.0 0.0 0.0 0.0 0.0 0.0 0.0}
replayTaskStats MUX21 delay__S__hl__OUT__lh__ACQ_1 {0.06 0.01 6.24 0.64 1 6.89885306358 engnx03a.utdallas.edu 1733250684.91 1733250691.8 1 0.0427310466766 6.85343599319 0.00210094451904 0.00739097595215 0.000855922698975 6.82527709007 0.0 0.0 0.0 0.0 0.0 0.0 0.0 0.0}
replayTaskStats MUX21 delay__S__lh__OUT__hl__ACQ_1 {0.06 0.01 6.08 0.62 1 6.72391295433 engnx03a.utdallas.edu 1733250691.81 1733250698.53 1 0.0404551029205 6.68080306053 0.00198888778687 0.00690603256226 0.000761985778809 6.65412998199 0.0 0.0 0.0 0.0 0.0 0.0 0.0 0.0}
replayTaskStats MUX21 delay__S__lh__OUT__lh__ACQ_1 {0.06 0.0 6.0 0.63 1 6.63530111313 engnx03a.utdallas.edu 1733250698.53 1733250705.17 1 0.0402610301971 6.59240102768 0.0019588470459 0.00705003738403 0.000741958618164 6.56563806534 0.0 0.0 0.0 0.0 0.0 0.0 0.0 0.0}
replayTaskStats MUX21 leakage_power__ACQ_1 {0.04 0.01 5.72 0.62 1 6.35091090202 engnx03a.utdallas.edu 1733250705.17 1733250711.52 1 0.0290739536285 6.31880998611 0.00224304199219 0.00646686553955 0.00260806083679 6.29519510269 0.0 0.0 0.0 0.0 0.0 0.0 0.0 0.0}
replayTaskStats MUX21 Cin__VSS__hl__ACQ_1 {0.05 0.0 5.96 0.69 1 6.66267609596 engnx03a.utdallas.edu 1733250711.52 1733250718.18 1 0.0371520519257 6.62270689011 0.00219011306763 0.0049991607666 0.000760078430176 6.60230398178 0.0 0.0 0.0 0.0 0.0 0.0 0.0 0.0}
replayTaskStats MUX21 Cin__VSS__lh__ACQ_1 {0.05 0.01 5.95 0.67 1 6.62087917328 engnx03a.utdallas.edu 1733250718.18 1733250724.8 1 0.0324699878693 6.58562994003 0.00208187103271 0.00553703308105 0.000746965408325 6.56488490105 0.0 0.0 0.0 0.0 0.0 0.0 0.0 0.0}
replayTaskStats MUX21 Cin__VDD__hl__ACQ_1 {0.04 0.01 5.86 0.67 1 6.52993202209 engnx03a.utdallas.edu 1733250724.8 1733250731.33 1 0.0324130058289 6.4948348999 0.00245690345764 0.00519299507141 0.000749111175537 6.47390699387 0.0 0.0 0.0 0.0 0.0 0.0 0.0 0.0}
replayTaskStats MUX21 Cin__VDD__lh__ACQ_1 {0.05 0.0 6.06 0.67 1 6.7390229702 engnx03a.utdallas.edu 1733250731.33 1733250738.07 1 0.0337200164795 6.70258903503 0.00214719772339 0.00514698028564 0.000733137130737 6.68170499802 0.0 0.0 0.0 0.0 0.0 0.0 0.0 0.0}
replayTaskStats MUX21 modeling {0.2 0.02 0.0 0.0 1 0.239200115204 engnx03a.utdallas.edu 1733250775.48 1733250775.71 1}
replayTaskStats MUX21 configure {0.16 0.01 0.0 0.0 1 0.217629909515 engnx02a.utdallas.edu 1733458068.7 1733458068.92 1}
replayTaskStats MUX21 delay__A__hl__OUT__hl__ACQ_1 {0.11 0.01 6.27 0.75 1 7.18465089798 engnx02a.utdallas.edu 1733458089.12 1733458096.31 1 0.0810301303864 7.10049796104 0.00236511230469 0.00716590881348 0.00085186958313 6.98553204536 0.0 0.0 0.0 0.0 0.0 0.0 0.0 0.0}
replayTaskStats MUX21 delay__A__lh__OUT__lh__ACQ_1 {0.06 0.0 6.02 0.71 1 6.7448091507 engnx02a.utdallas.edu 1733458096.31 1733458103.05 1 0.0368819236755 6.7050549984 0.00226497650146 0.0075101852417 0.000779867172241 6.67718815804 0.0 0.0 0.0 0.0 0.0 0.0 0.0 0.0}
replayTaskStats MUX21 delay__B__hl__OUT__hl__ACQ_1 {0.06 0.01 5.96 0.71 1 6.68529081345 engnx02a.utdallas.edu 1733458103.05 1733458109.74 1 0.0417909622192 6.64079093933 0.00207185745239 0.00633311271667 0.000658988952637 6.61502122879 0.0 0.0 0.0 0.0 0.0 0.0 0.0 0.0}
replayTaskStats MUX21 delay__B__lh__OUT__lh__ACQ_1 {0.08 0.01 6.03 0.68 1 6.75576591492 engnx02a.utdallas.edu 1733458109.74 1733458116.49 1 0.0546758174896 6.69777703285 0.00261878967285 0.00829601287842 0.00117492675781 6.65982985497 0.0 0.0 0.0 0.0 0.0 0.0 0.0 0.0}
replayTaskStats MUX21 delay__S__hl__OUT__hl__ACQ_1 {0.07 0.01 6.09 0.7 1 6.80329799652 engnx02a.utdallas.edu 1733458116.5 1733458123.3 1 0.0451548099518 6.7551419735 0.00189304351807 0.0068519115448 0.000855922698975 6.72898006439 0.0 0.0 0.0 0.0 0.0 0.0 0.0 0.0}
replayTaskStats MUX21 delay__S__hl__OUT__lh__ACQ_1 {0.06 0.0 6.04 0.7 1 7.11182403564 engnx02a.utdallas.edu 1733458123.3 1733458130.41 1 0.0376360416412 7.07159590721 0.00215315818787 0.368978977203 0.000709056854248 6.68306088448 0.0 0.0 0.0 0.0 0.0 0.0 0.0 0.0}
replayTaskStats MUX21 delay__S__lh__OUT__hl__ACQ_1 {0.06 0.01 5.96 0.72 1 6.68452000618 engnx02a.utdallas.edu 1733458130.41 1733458137.1 1 0.0379629135132 6.64378905296 0.00192594528198 0.00678396224976 0.000673055648804 6.61771702766 0.0 0.0 0.0 0.0 0.0 0.0 0.0 0.0}
replayTaskStats MUX21 delay__S__lh__OUT__lh__ACQ_1 {0.05 0.0 6.01 0.64 1 6.65986394882 engnx02a.utdallas.edu 1733458137.1 1733458143.76 1 0.0379741191864 6.61941695213 0.00183320045471 0.00661420822144 0.000648975372314 6.59364509583 0.0 0.0 0.0 0.0 0.0 0.0 0.0 0.0}
replayTaskStats MUX21 leakage_power__ACQ_1 {0.04 0.01 5.76 0.67 1 6.42363715172 engnx02a.utdallas.edu 1733458143.76 1733458150.18 1 0.0269839763641 6.39397215843 0.00194501876831 0.00503206253052 0.00235509872437 6.37316703796 0.0 0.0 0.0 0.0 0.0 0.0 0.0 0.0}
replayTaskStats MUX21 Cin__VSS__hl__ACQ_1 {0.05 0.0 5.83 0.71 1 6.53753614426 engnx02a.utdallas.edu 1733458150.18 1733458156.72 1 0.033940076828 6.50109910965 0.00208401679993 0.00511693954468 0.000710010528564 6.48158407211 0.0 0.0 0.0 0.0 0.0 0.0 0.0 0.0}
replayTaskStats MUX21 Cin__VSS__lh__ACQ_1 {0.04 0.01 6.04 0.67 1 6.71803307533 engnx02a.utdallas.edu 1733458156.72 1733458163.44 1 0.0329699516296 6.68255114555 0.00209784507751 0.00506401062012 0.000653028488159 6.6621799469 0.0 0.0 0.0 0.0 0.0 0.0 0.0 0.0}
replayTaskStats MUX21 Cin__VDD__hl__ACQ_1 {0.05 0.01 6.0 0.7 1 6.69648981094 engnx02a.utdallas.edu 1733458163.44 1733458170.13 1 0.0300669670105 6.66393113136 0.00189614295959 0.00588512420654 0.000661849975586 6.64426207542 0.0 0.0 0.0 0.0 0.0 0.0 0.0 0.0}
replayTaskStats MUX21 Cin__VDD__lh__ACQ_1 {0.04 0.0 5.85 0.71 1 6.55569386482 engnx02a.utdallas.edu 1733458170.14 1733458176.69 1 0.0317659378052 6.5213470459 0.00195598602295 0.00489807128906 0.000653028488159 6.50200486183 0.0 0.0 0.0 0.0 0.0 0.0 0.0 0.0}
replayTaskStats MUX21 modeling {0.2 0.01 0.0 0.0 1 0.22726893425 engnx02a.utdallas.edu 1733458228.19 1733458228.42 1}
