replayTaskStats AOI22 configure {0.01 0.0 0.0 0.0 1 0.0721209049225 engnx02a.utdallas.edu 1729720073.69 1729720073.76 1}
replayTaskStats AOI22 configure {0.22 0.01 0.0 0.0 1 0.265558004379 engnx02a.utdallas.edu 1729720132.21 1729720132.47 1}
replayTaskStats AOI22 configure {0.18 0.01 0.0 0.0 1 0.236400842667 engnx02a.utdallas.edu 1729720246.08 1729720246.32 1}
replayTaskStats AOI22 leakage_power__ACQ_1 {0.1 0.01 6.28 0.73 1 7.25285196304 engnx02a.utdallas.edu 1729720271.4 1729720278.66 1 0.106554985046 7.14345097542 0.00214505195618 0.00449395179749 0.00191807746887 7.12042498589 0.0 0.0 0.0 0.0 0.0 0.0 0.0 0.0}
replayTaskStats AOI22 delay__A__hl__OUT__lh__ACQ_1 {0.07 0.0 6.26 0.82 1 7.13675999641 engnx02a.utdallas.edu 1729720278.66 1729720285.8 1 0.0687010288239 7.06520915031 0.00196695327759 0.0063591003418 0.000693082809448 7.03796410561 0.0 0.0 0.0 0.0 0.0 0.0 0.0 0.0}
replayTaskStats AOI22 delay__A__lh__OUT__hl__ACQ_1 {0.06 0.01 6.13 0.73 1 6.90802788734 engnx02a.utdallas.edu 1729720285.8 1729720292.7 1 0.0562500953674 6.84892606735 0.00233197212219 0.00590801239014 0.000776052474976 6.82171702385 0.0 0.0 0.0 0.0 0.0 0.0 0.0 0.0}
replayTaskStats AOI22 delay__B__hl__OUT__lh__ACQ_1 {0.07 0.01 6.12 0.69 1 7.38403296471 engnx02a.utdallas.edu 1729720292.7 1729720300.09 1 0.0614788532257 7.31973791122 0.00219178199768 0.530600070953 0.000715970993042 6.76689600945 0.0 0.0 0.0 0.0 0.0 0.0 0.0 0.0}
replayTaskStats AOI22 delay__B__lh__OUT__hl__ACQ_1 {0.07 0.01 6.04 0.69 1 9.06658196449 engnx02a.utdallas.edu 1729720300.16 1729720309.22 1 0.351131916046 8.58606410027 0.0694830417633 0.562336206436 0.000668048858643 7.76659011841 0.0 0.0 0.0 0.0 0.0 0.0 0.0 0.0}
replayTaskStats AOI22 delay__C__hl__OUT__lh__ACQ_1 {0.05 0.01 6.36 0.68 1 8.1950480938 engnx02a.utdallas.edu 1729720309.22 1729720317.42 1 0.406388044357 7.61814403534 0.00192499160767 0.00616097450256 0.000664949417114 7.59313583374 0.0 0.0 0.0 0.0 0.0 0.0 0.0 0.0}
replayTaskStats AOI22 delay__C__lh__OUT__hl__ACQ_1 {0.07 0.01 6.12 0.72 1 6.87265014648 engnx02a.utdallas.edu 1729720317.42 1729720324.29 1 0.0460569858551 6.82400012016 0.00194501876831 0.00586009025574 0.000711917877197 6.79848599434 0.0 0.0 0.0 0.0 0.0 0.0 0.0 0.0}
replayTaskStats AOI22 delay__D__hl__OUT__lh__ACQ_1 {0.07 0.0 6.27 0.73 1 7.05888414383 engnx02a.utdallas.edu 1729720324.29 1729720331.35 1 0.0730521678925 6.98325204849 0.0019199848175 0.00597214698792 0.000709056854248 6.95674109459 0.0 0.0 0.0 0.0 0.0 0.0 0.0 0.0}
replayTaskStats AOI22 delay__D__lh__OUT__hl__ACQ_1 {0.07 0.01 6.16 0.69 1 6.92120409012 engnx02a.utdallas.edu 1729720331.35 1729720338.27 1 0.0672309398651 6.85137009621 0.0019690990448 0.00609707832336 0.000702857971191 6.82525992393 0.0 0.0 0.0 0.0 0.0 0.0 0.0 0.0}
replayTaskStats AOI22 Cin__VSS__hl__ACQ_1 {0.05 0.01 6.11 0.73 1 6.86979913712 engnx02a.utdallas.edu 1729720338.27 1729720345.14 1 0.0407581329346 6.8264541626 0.00223398208618 0.00479888916016 0.000813007354736 6.80556201935 0.0 0.0 0.0 0.0 0.0 0.0 0.0 0.0}
replayTaskStats AOI22 Cin__VSS__lh__ACQ_1 {0.1 0.01 6.01 0.73 1 8.9059419632 engnx02a.utdallas.edu 1729720345.14 1729720354.05 1 0.0858640670776 8.81755185127 0.00201892852783 0.507522821426 0.000669002532959 8.29503417015 0.0 0.0 0.0 0.0 0.0 0.0 0.0 0.0}
replayTaskStats AOI22 Cin__VDD__hl__ACQ_1 {0.05 0.0 5.93 0.77 1 7.57253289223 engnx02a.utdallas.edu 1729720354.05 1729720361.62 1 0.327876091003 7.18450808525 0.00192809104919 0.475217103958 0.000648021697998 6.69490504265 0.0 0.0 0.0 0.0 0.0 0.0 0.0 0.0}
replayTaskStats AOI22 Cin__VDD__lh__ACQ_1 {0.05 0.01 5.96 0.7 1 7.22895598412 engnx02a.utdallas.edu 1729720361.62 1729720368.85 1 0.282641887665 6.86722707748 0.00208377838135 0.00455713272095 0.000647068023682 6.84549021721 0.0 0.0 0.0 0.0 0.0 0.0 0.0 0.0}
replayTaskStats AOI22 configure {0.19 0.0 0.0 0.0 1 0.251351833344 engnx02a.utdallas.edu 1729720530.78 1729720531.03 1}
replayTaskStats AOI22 leakage_power__ACQ_1 {0.09 0.01 5.97 0.72 1 6.75415802002 engnx02a.utdallas.edu 1729720537.41 1729720544.16 1 0.0714859962463 6.67634391785 0.00252890586853 0.00563097000122 0.00238704681396 6.65247702599 0.0 0.0 0.0 0.0 0.0 0.0 0.0 0.0}
replayTaskStats AOI22 delay__A__hl__OUT__lh__ACQ_1 {0.07 0.01 5.91 0.72 1 7.36485099792 engnx02a.utdallas.edu 1729720544.16 1729720551.53 1 0.0497670173645 7.3123190403 0.00194001197815 0.702451944351 0.000656127929688 6.59065818787 0.0 0.0 0.0 0.0 0.0 0.0 0.0 0.0}
replayTaskStats AOI22 delay__A__lh__OUT__hl__ACQ_1 {0.06 0.02 5.97 0.68 1 7.82348704338 engnx02a.utdallas.edu 1729720551.53 1729720559.35 1 0.25935292244 7.48457193375 0.00201511383057 0.768195867538 0.000800848007202 6.69467282295 0.0 0.0 0.0 0.0 0.0 0.0 0.0 0.0}
replayTaskStats AOI22 delay__B__hl__OUT__lh__ACQ_1 {0.06 0.01 6.05 0.71 1 7.11170911789 engnx02a.utdallas.edu 1729720559.35 1729720566.47 1 0.24603509903 6.78069496155 0.00174784660339 0.00664091110229 0.00062894821167 6.75559091568 0.0 0.0 0.0 0.0 0.0 0.0 0.0 0.0}
replayTaskStats AOI22 delay__B__lh__OUT__hl__ACQ_1 {0.06 0.01 6.3 0.74 1 7.07647299767 engnx02a.utdallas.edu 1729720566.47 1729720573.54 1 0.0404510498047 7.03349399567 0.00191187858582 0.00696897506714 0.000633001327515 7.0080769062 0.0 0.0 0.0 0.0 0.0 0.0 0.0 0.0}
replayTaskStats AOI22 delay__C__hl__OUT__lh__ACQ_1 {0.06 0.01 6.15 0.72 1 6.90634202957 engnx02a.utdallas.edu 1729720573.54 1729720580.45 1 0.0422790050507 6.86105585098 0.00236320495605 0.00779986381531 0.000823974609375 6.83160305023 0.0 0.0 0.0 0.0 0.0 0.0 0.0 0.0}
replayTaskStats AOI22 delay__C__lh__OUT__hl__ACQ_1 {0.07 0.0 6.24 0.68 1 6.97621679306 engnx02a.utdallas.edu 1729720580.45 1729720587.43 1 0.0536267757416 6.91974592209 0.00195980072021 0.0068039894104 0.000736951828003 6.89275383949 0.0 0.0 0.0 0.0 0.0 0.0 0.0 0.0}
replayTaskStats AOI22 delay__D__hl__OUT__lh__ACQ_1 {0.06 0.01 6.08 0.7 1 6.82881808281 engnx02a.utdallas.edu 1729720587.43 1729720594.26 1 0.0418150424957 6.78439211845 0.00199604034424 0.00759291648865 0.000689029693604 6.75637388229 0.0 0.0 0.0 0.0 0.0 0.0 0.0 0.0}
replayTaskStats AOI22 delay__D__lh__OUT__hl__ACQ_1 {0.07 0.01 6.07 0.72 1 11.2285740376 engnx02a.utdallas.edu 1729720594.26 1729720605.49 1 0.0453038215637 11.1804981232 0.0567359924316 0.652782201767 0.000684022903442 10.4525389671 0.0 0.0 0.0 0.0 0.0 0.0 0.0 0.0}
replayTaskStats AOI22 Cin__VSS__hl__ACQ_1 {0.05 0.0 6.15 0.72 1 9.5136859417 engnx02a.utdallas.edu 1729720605.49 1729720615.0 1 0.282377004623 9.17100191116 0.00181198120117 0.00534391403198 0.000631809234619 9.15160799026 0.0 0.0 0.0 0.0 0.0 0.0 0.0 0.0}
replayTaskStats AOI22 Cin__VSS__lh__ACQ_1 {0.07 0.01 6.21 0.69 1 6.9392721653 engnx02a.utdallas.edu 1729720615.0 1729720621.94 1 0.0478410720825 6.88900113106 0.00179100036621 0.00557589530945 0.000622034072876 6.86578583717 0.0 0.0 0.0 0.0 0.0 0.0 0.0 0.0}
replayTaskStats AOI22 Cin__VDD__hl__ACQ_1 {0.05 0.01 6.12 0.67 1 6.80154895782 engnx02a.utdallas.edu 1729720621.94 1729720628.74 1 0.0350930690765 6.76400899887 0.00183510780334 0.00483894348145 0.000622987747192 6.74551510811 0.0 0.0 0.0 0.0 0.0 0.0 0.0 0.0}
replayTaskStats AOI22 Cin__VDD__lh__ACQ_1 {0.04 0.0 6.22 0.71 1 6.9339120388 engnx02a.utdallas.edu 1729720628.74 1729720635.68 1 0.0335049629211 6.8979101181 0.0022189617157 0.0055570602417 0.00068211555481 6.8772289753 0.0 0.0 0.0 0.0 0.0 0.0 0.0 0.0}
replayTaskStats AOI22 modeling {0.19 0.02 0.0 0.0 1 6.77930903435 engnx02a.utdallas.edu 1729720659.48 1729720666.26 1}
replayTaskStats AOI22 configure {0.17 0.01 0.0 0.0 1 0.227080106735 engnx03a.utdallas.edu 1733252769.31 1733252769.54 1}
replayTaskStats AOI22 configure {0.17 0.01 0.0 0.0 1 0.224812030792 engnx03a.utdallas.edu 1733252803.42 1733252803.65 1}
replayTaskStats AOI22 delay__A__hl__OUT__lh__ACQ_1 {0.12 0.01 5.99 0.74 1 6.9034409523 engnx03a.utdallas.edu 1733252810.75 1733252817.66 1 0.0935928821564 6.80610799789 0.00199604034424 0.00756907463074 0.000868797302246 6.68004989624 0.0 0.0 0.0 0.0 0.0 0.0 0.0 0.0}
replayTaskStats AOI22 delay__A__lh__OUT__hl__ACQ_1 {0.07 0.01 5.98 0.69 1 6.6984770298 engnx03a.utdallas.edu 1733252817.66 1733252824.36 1 0.0403728485107 6.65491485596 0.00299596786499 0.00790905952454 0.000904083251953 6.62340307236 0.0 0.0 0.0 0.0 0.0 0.0 0.0 0.0}
replayTaskStats AOI22 delay__B__hl__OUT__lh__ACQ_1 {0.07 0.01 5.96 0.73 1 6.71520090103 engnx03a.utdallas.edu 1733252824.36 1733252831.07 1 0.0619189739227 6.65015411377 0.00217294692993 0.00664806365967 0.00070595741272 6.62298297882 0.0 0.0 0.0 0.0 0.0 0.0 0.0 0.0}
replayTaskStats AOI22 delay__B__lh__OUT__hl__ACQ_1 {0.07 0.01 6.07 0.62 1 6.71697711945 engnx03a.utdallas.edu 1733252831.07 1733252837.79 1 0.0486550331116 6.66561317444 0.00200796127319 0.00643396377563 0.000690937042236 6.63865709305 0.0 0.0 0.0 0.0 0.0 0.0 0.0 0.0}
replayTaskStats AOI22 delay__C__hl__OUT__lh__ACQ_1 {0.06 0.01 5.86 0.66 1 6.54276299477 engnx03a.utdallas.edu 1733252837.79 1733252844.33 1 0.0416660308838 6.49649310112 0.00325012207031 0.00657510757446 0.000641822814941 6.46908402443 0.0 0.0 0.0 0.0 0.0 0.0 0.0 0.0}
replayTaskStats AOI22 delay__C__lh__OUT__hl__ACQ_1 {0.07 0.01 6.06 0.64 1 6.73916101456 engnx03a.utdallas.edu 1733252844.33 1733252851.07 1 0.0425710678101 6.69316983223 0.00214886665344 0.00796604156494 0.000675916671753 6.66529989243 0.0 0.0 0.0 0.0 0.0 0.0 0.0 0.0}
replayTaskStats AOI22 delay__D__hl__OUT__lh__ACQ_1 {0.06 0.0 5.91 0.7 1 6.63030409813 engnx03a.utdallas.edu 1733252851.07 1733252857.7 1 0.0459599494934 6.58165502548 0.00222086906433 0.00671696662903 0.00075101852417 6.55304503441 0.0 0.0 0.0 0.0 0.0 0.0 0.0 0.0}
replayTaskStats AOI22 delay__D__lh__OUT__hl__ACQ_1 {0.07 0.01 6.06 0.67 1 6.75176286697 engnx03a.utdallas.edu 1733252857.7 1733252864.46 1 0.0430569648743 6.70595788956 0.00209593772888 0.00714993476868 0.000725030899048 6.67872810364 0.0 0.0 0.0 0.0 0.0 0.0 0.0 0.0}
replayTaskStats AOI22 leakage_power__ACQ_1 {0.05 0.01 5.81 0.68 1 6.48816680908 engnx03a.utdallas.edu 1733252864.46 1733252870.95 1 0.0319838523865 6.45257520676 0.00301718711853 0.00549101829529 0.0038800239563 6.4257569313 0.0 0.0 0.0 0.0 0.0 0.0 0.0 0.0}
replayTaskStats AOI22 Cin__VSS__hl__ACQ_1 {0.07 0.01 5.76 0.68 1 6.46168589592 engnx03a.utdallas.edu 1733252870.95 1733252877.41 1 0.0507929325104 6.40766882896 0.00202083587646 0.00508713722229 0.000725030899048 6.38632798195 0.0 0.0 0.0 0.0 0.0 0.0 0.0 0.0}
replayTaskStats AOI22 Cin__VSS__lh__ACQ_1 {0.05 0.0 5.98 0.66 1 6.64807796478 engnx03a.utdallas.edu 1733252877.41 1733252884.06 1 0.0352149009705 6.6102411747 0.0020911693573 0.00524997711182 0.000662803649902 6.59029102325 0.0 0.0 0.0 0.0 0.0 0.0 0.0 0.0}
replayTaskStats AOI22 Cin__VDD__hl__ACQ_1 {0.04 0.01 6.1 0.7 1 6.79991316795 engnx03a.utdallas.edu 1733252884.06 1733252890.86 1 0.033716917038 6.76231098175 0.00238084793091 0.00522804260254 0.000715970993042 6.74214982986 0.0 0.0 0.0 0.0 0.0 0.0 0.0 0.0}
replayTaskStats AOI22 Cin__VDD__lh__ACQ_1 {0.05 0.01 5.8 0.65 1 6.45170903206 engnx03a.utdallas.edu 1733252890.86 1733252897.31 1 0.0341198444366 6.41462182999 0.00206995010376 0.00503396987915 0.000659942626953 6.39511799812 0.0 0.0 0.0 0.0 0.0 0.0 0.0 0.0}
replayTaskStats AOI22 modeling {0.25 0.01 0.0 0.0 1 0.284911155701 engnx03a.utdallas.edu 1733252928.32 1733252928.61 1}
replayTaskStats AOI22 configure {0.17 0.02 0.0 0.0 1 0.245431900024 engnx02a.utdallas.edu 1733457460.34 1733457460.59 1}
replayTaskStats AOI22 delay__A__hl__OUT__lh__ACQ_1 {0.12 0.01 5.96 0.76 1 6.86539816856 engnx02a.utdallas.edu 1733457467.63 1733457474.5 1 0.0867760181427 6.77546715736 0.00204205513 0.00776195526123 0.000877141952515 6.6539709568 0.0 0.0 0.0 0.0 0.0 0.0 0.0 0.0}
replayTaskStats AOI22 delay__A__lh__OUT__hl__ACQ_1 {0.06 0.01 5.97 0.68 1 6.67326188087 engnx02a.utdallas.edu 1733457474.5 1733457481.17 1 0.0411491394043 6.62961697578 0.00183296203613 0.00670003890991 0.000665903091431 6.6041059494 0.0 0.0 0.0 0.0 0.0 0.0 0.0 0.0}
replayTaskStats AOI22 delay__B__hl__OUT__lh__ACQ_1 {0.09 0.0 5.99 0.69 1 6.70058894157 engnx02a.utdallas.edu 1733457481.17 1733457487.87 1 0.0648500919342 6.63327312469 0.00217700004578 0.0059289932251 0.000662088394165 6.60554790497 0.0 0.0 0.0 0.0 0.0 0.0 0.0 0.0}
replayTaskStats AOI22 delay__B__lh__OUT__hl__ACQ_1 {0.05 0.01 5.91 0.71 1 6.64620089531 engnx02a.utdallas.edu 1733457487.87 1733457494.52 1 0.0387408733368 6.60478401184 0.00207614898682 0.00880813598633 0.000921964645386 6.57479691505 0.0 0.0 0.0 0.0 0.0 0.0 0.0 0.0}
replayTaskStats AOI22 delay__C__hl__OUT__lh__ACQ_1 {0.06 0.01 5.9 0.71 1 6.61970901489 engnx02a.utdallas.edu 1733457494.52 1733457501.14 1 0.0454111099243 6.57165408134 0.00187110900879 0.00653409957886 0.000618934631348 6.5465259552 0.0 0.0 0.0 0.0 0.0 0.0 0.0 0.0}
replayTaskStats AOI22 delay__C__lh__OUT__hl__ACQ_1 {0.05 0.01 5.89 0.69 1 6.59592103958 engnx02a.utdallas.edu 1733457501.14 1733457507.74 1 0.0392990112305 6.5541100502 0.00200009346008 0.00702691078186 0.000612020492554 6.52872991562 0.0 0.0 0.0 0.0 0.0 0.0 0.0 0.0}
replayTaskStats AOI22 delay__D__hl__OUT__lh__ACQ_1 {0.05 0.01 5.99 0.66 1 6.67253279686 engnx02a.utdallas.edu 1733457507.74 1733457514.41 1 0.0407519340515 6.6293399334 0.00185894966125 0.00624990463257 0.000617980957031 6.60450100899 0.0 0.0 0.0 0.0 0.0 0.0 0.0 0.0}
replayTaskStats AOI22 delay__D__lh__OUT__hl__ACQ_1 {0.05 0.0 5.91 0.69 1 6.60440921783 engnx02a.utdallas.edu 1733457514.41 1733457521.01 1 0.0393068790436 6.56269907951 0.00205111503601 0.00660800933838 0.00062084197998 6.5378639698 0.0 0.0 0.0 0.0 0.0 0.0 0.0 0.0}
replayTaskStats AOI22 leakage_power__ACQ_1 {0.04 0.01 5.76 0.67 1 6.41862893105 engnx02a.utdallas.edu 1733457521.02 1733457527.43 1 0.0304360389709 6.38539099693 0.0018458366394 0.00563597679138 0.00219893455505 6.36444401741 0.0 0.0 0.0 0.0 0.0 0.0 0.0 0.0}
replayTaskStats AOI22 Cin__VSS__hl__ACQ_1 {0.04 0.01 5.82 0.67 1 6.49393892288 engnx02a.utdallas.edu 1733457527.43 1733457533.93 1 0.0362749099731 6.4551320076 0.00194716453552 0.00545310974121 0.00062108039856 6.43617606163 0.0 0.0 0.0 0.0 0.0 0.0 0.0 0.0}
replayTaskStats AOI22 Cin__VSS__lh__ACQ_1 {0.05 0.0 5.83 0.65 1 6.48398303986 engnx02a.utdallas.edu 1733457533.93 1733457540.41 1 0.0323920249939 6.44909906387 0.00197887420654 0.00599217414856 0.00062108039856 6.42956995964 0.0 0.0 0.0 0.0 0.0 0.0 0.0 0.0}
replayTaskStats AOI22 Cin__VDD__hl__ACQ_1 {0.04 0.01 5.73 0.69 1 6.41354584694 engnx02a.utdallas.edu 1733457540.41 1733457546.83 1 0.0338490009308 6.37727999687 0.00188088417053 0.00497984886169 0.000627994537354 6.35885000229 0.0 0.0 0.0 0.0 0.0 0.0 0.0 0.0}
replayTaskStats AOI22 Cin__VDD__lh__ACQ_1 {0.05 0.01 6.02 0.69 1 6.70937895775 engnx02a.utdallas.edu 1733457546.83 1733457553.54 1 0.031919002533 6.67500400543 0.00226998329163 0.00522994995117 0.000627040863037 6.65606498718 0.0 0.0 0.0 0.0 0.0 0.0 0.0 0.0}
replayTaskStats AOI22 modeling {0.24 0.01 0.0 0.0 1 0.284296989441 engnx02a.utdallas.edu 1733457624.01 1733457624.29 1}
