replayTaskStats inverter configure {0.07 0.01 0.0 0.0 1 0.103592157364 engnx02a.utdallas.edu 1729708040.63 1729708040.73 1}
replayTaskStats inverter delay__IN__lh__OUT__hl__ACQ_1 {0.11 0.01 5.83 0.73 1 7.47709798813 engnx02a.utdallas.edu 1729708072.89 1729708080.36 1 0.0789029598236 7.39501905441 0.00226402282715 0.00673294067383 0.000834941864014 7.27620077133 0.0 0.0 0.0 0.0 0.0 0.0 0.0 0.0}
replayTaskStats inverter delay__IN__hl__OUT__lh__ACQ_1 {0.05 0.01 6.0 0.7 1 6.73002505302 engnx02a.utdallas.edu 1729708080.36 1729708087.09 1 0.0312120914459 6.69628500938 0.00208187103271 0.00628304481506 0.00071907043457 6.66952991486 0.0 0.0 0.0 0.0 0.0 0.0 0.0 0.0}
replayTaskStats inverter leakage_power__ACQ_1 {0.04 0.01 5.82 0.68 1 7.64689302444 engnx02a.utdallas.edu 1729708087.09 1729708094.74 1 0.0240499973297 7.61994290352 0.00220799446106 1.14913797379 0.00232410430908 6.45478010178 0.0 0.0 0.0 0.0 0.0 0.0 0.0 0.0}
replayTaskStats inverter Cin__VSS__lh__ACQ_1 {0.04 0.01 5.86 0.73 1 8.24014592171 engnx02a.utdallas.edu 1729708094.88 1729708103.12 1 0.501060009003 7.58077907562 0.130655050278 0.540091991425 0.000663042068481 6.89801502228 0.0 0.0 0.0 0.0 0.0 0.0 0.0 0.0}
replayTaskStats inverter Cin__VSS__hl__ACQ_1 {0.04 0.01 5.98 0.67 1 9.25063705444 engnx02a.utdallas.edu 1729708103.12 1729708112.37 1 0.470534086227 8.71938800812 0.00214290618896 0.00453495979309 0.000699043273926 8.64131498337 0.0 0.0 0.0 0.0 0.0 0.0 0.0 0.0}
replayTaskStats inverter Cin__VDD__lh__ACQ_1 {0.06 0.01 5.9 0.68 1 6.60800218582 engnx02a.utdallas.edu 1729708112.37 1729708118.98 1 0.0547549724579 6.55062198639 0.00199389457703 0.00427198410034 0.000722885131836 6.53198599815 0.0 0.0 0.0 0.0 0.0 0.0 0.0 0.0}
replayTaskStats inverter Cin__VDD__hl__ACQ_1 {0.04 0.01 5.96 0.66 1 6.6110701561 engnx02a.utdallas.edu 1729708118.98 1729708125.59 1 0.024943113327 6.58348894119 0.00202107429504 0.00421285629272 0.000666856765747 6.56553220749 0.0 0.0 0.0 0.0 0.0 0.0 0.0 0.0}
replayTaskStats inverter modeling {0.11 0.01 0.0 0.0 1 0.133493900299 engnx02a.utdallas.edu 1729708154.84 1729708154.97 1}
replayTaskStats inverter configure {0.1 0.01 0.0 0.0 1 1.37199091911 engnx02a.utdallas.edu 1729711338.68 1729711340.05 1}
replayTaskStats inverter configure {0.06 0.01 0.0 0.0 1 0.101582050323 engnx02a.utdallas.edu 1729711646.6 1729711646.7 1}
replayTaskStats inverter delay__IN__lh__OUT__hl__ACQ_1 {0.11 0.01 6.0 0.79 1 6.98843693733 engnx02a.utdallas.edu 1729711690.78 1729711697.77 1 0.0736708641052 6.91159510612 0.00202798843384 0.00822806358337 0.000883102416992 6.78877019882 0.0 0.0 0.0 0.0 0.0 0.0 0.0 0.0}
replayTaskStats inverter delay__IN__hl__OUT__lh__ACQ_1 {0.05 0.0 5.96 0.63 1 6.61381483078 engnx02a.utdallas.edu 1729711697.77 1729711704.38 1 0.035208940506 6.5761551857 0.00201797485352 0.00694799423218 0.000693082809448 6.54920196533 0.0 0.0 0.0 0.0 0.0 0.0 0.0 0.0}
replayTaskStats inverter leakage_power__ACQ_1 {0.04 0.01 5.94 0.7 1 6.6407699585 engnx02a.utdallas.edu 1729711704.38 1729711711.02 1 0.0231118202209 6.61502194405 0.00210905075073 0.00574779510498 0.00200796127319 6.59434199333 0.0 0.0 0.0 0.0 0.0 0.0 0.0 0.0}
replayTaskStats inverter Cin__VSS__lh__ACQ_1 {0.04 0.01 6.1 0.69 1 7.62028598785 engnx02a.utdallas.edu 1729711711.02 1729711718.64 1 0.0273199081421 7.59044599533 0.0589559078217 0.782211065292 0.000667095184326 6.73737502098 0.0 0.0 0.0 0.0 0.0 0.0 0.0 0.0}
replayTaskStats inverter Cin__VSS__hl__ACQ_1 {0.04 0.01 6.06 0.73 1 8.38464689255 engnx02a.utdallas.edu 1729711718.69 1729711727.08 1 0.202517032623 8.11709809303 0.00223112106323 0.620646953583 0.000750064849854 7.48041892052 0.0 0.0 0.0 0.0 0.0 0.0 0.0 0.0}
replayTaskStats inverter Cin__VDD__lh__ACQ_1 {0.05 0.02 5.99 0.73 1 6.76780700684 engnx02a.utdallas.edu 1729711727.08 1729711733.85 1 0.0479521751404 6.69599485397 0.0020170211792 0.00586009025574 0.000643014907837 6.67558193207 0.0 0.0 0.0 0.0 0.0 0.0 0.0 0.0}
replayTaskStats inverter Cin__VDD__hl__ACQ_1 {0.04 0.0 5.98 0.73 1 6.71170306206 engnx02a.utdallas.edu 1729711733.85 1729711740.56 1 0.0237839221954 6.68546915054 0.00205302238464 0.00554418563843 0.000653982162476 6.66640901566 0.0 0.0 0.0 0.0 0.0 0.0 0.0 0.0}
replayTaskStats inverter modeling {0.13 0.01 0.0 0.0 1 0.152325868607 engnx02a.utdallas.edu 1729711795.03 1729711795.18 1}
replayTaskStats inverter configure {0.07 0.0 0.0 0.0 1 0.0990371704102 engnx03a.utdallas.edu 1733253009.94 1733253010.04 1}
replayTaskStats inverter delay__IN__lh__OUT__hl__ACQ_1 {0.1 0.01 6.07 0.74 1 6.96116399765 engnx03a.utdallas.edu 1733253032.89 1733253039.85 1 0.0742011070251 6.88368010521 0.00236892700195 0.00766491889954 0.000909090042114 6.7612349987 0.0 0.0 0.0 0.0 0.0 0.0 0.0 0.0}
replayTaskStats inverter delay__IN__hl__OUT__lh__ACQ_1 {0.06 0.01 5.92 0.68 1 6.66972517967 engnx03a.utdallas.edu 1733253039.85 1733253046.52 1 0.0336852073669 6.63324594498 0.00218486785889 0.00686192512512 0.000723123550415 6.60728812218 0.0 0.0 0.0 0.0 0.0 0.0 0.0 0.0}
replayTaskStats inverter leakage_power__ACQ_1 {0.04 0.01 5.95 0.67 1 6.61221814156 engnx03a.utdallas.edu 1733253046.52 1733253053.13 1 0.0239329338074 6.5853061676 0.00215101242065 0.00512504577637 0.00221610069275 6.56471610069 0.0 0.0 0.0 0.0 0.0 0.0 0.0 0.0}
replayTaskStats inverter Cin__VSS__lh__ACQ_1 {0.04 0.0 5.84 0.69 1 6.5352909565 engnx03a.utdallas.edu 1733253053.13 1733253059.67 1 0.0293829441071 6.50325298309 0.00207090377808 0.00500798225403 0.000691175460815 6.48379397392 0.0 0.0 0.0 0.0 0.0 0.0 0.0 0.0}
replayTaskStats inverter Cin__VSS__hl__ACQ_1 {0.04 0.01 5.87 0.66 1 6.52057814598 engnx03a.utdallas.edu 1733253059.67 1733253066.19 1 0.025377035141 6.49261689186 0.00229120254517 0.00504016876221 0.00069785118103 6.47276592255 0.0 0.0 0.0 0.0 0.0 0.0 0.0 0.0}
replayTaskStats inverter Cin__VDD__lh__ACQ_1 {0.05 0.03 6.03 0.68 1 6.75731396675 engnx03a.utdallas.edu 1733253066.19 1733253072.95 1 0.067214012146 6.68701100349 0.00242590904236 0.00503301620483 0.000730037689209 6.66580581665 0.0 0.0 0.0 0.0 0.0 0.0 0.0 0.0}
replayTaskStats inverter Cin__VDD__hl__ACQ_1 {0.04 0.01 5.93 0.67 1 6.58585309982 engnx03a.utdallas.edu 1733253072.95 1733253079.53 1 0.0261828899384 6.55682086945 0.00201606750488 0.00495505332947 0.000655889511108 6.53794693947 0.0 0.0 0.0 0.0 0.0 0.0 0.0 0.0}
replayTaskStats inverter modeling {0.12 0.01 0.0 0.0 1 0.165420055389 engnx03a.utdallas.edu 1733253110.04 1733253110.21 1}
replayTaskStats inverter configure {0.07 0.0 0.0 0.0 1 0.103595018387 engnx02a.utdallas.edu 1733456462.27 1733456462.38 1}
replayTaskStats inverter leakage_power__ACQ_1 {0.04 0.01 5.84 0.69 1 6.52307391167 engnx02a.utdallas.edu 1733456512.06 1733456518.58 1 0.0246229171753 6.49445295334 0.00256609916687 0.0061149597168 0.00273513793945 6.47120785713 0.0 0.0 0.0 0.0 0.0 0.0 0.0 0.0}
replayTaskStats inverter Cin__VSS__lh__ACQ_1 {0.04 0.0 5.78 0.69 1 6.45180702209 engnx02a.utdallas.edu 1733456518.58 1733456525.03 1 0.0319600105286 6.41713786125 0.00193095207214 0.00518894195557 0.000680923461914 6.39777612686 0.0 0.0 0.0 0.0 0.0 0.0 0.0 0.0}
replayTaskStats inverter Cin__VSS__hl__ACQ_1 {0.06 0.02 5.81 0.68 1 6.5168299675 engnx02a.utdallas.edu 1733456525.03 1733456531.55 1 0.0510301589966 6.46326494217 0.00204801559448 0.00538992881775 0.000698089599609 6.4427280426 0.0 0.0 0.0 0.0 0.0 0.0 0.0 0.0}
replayTaskStats inverter Cin__VDD__lh__ACQ_1 {0.04 0.0 5.81 0.69 1 6.48319196701 engnx02a.utdallas.edu 1733456531.55 1733456538.04 1 0.0249359607697 6.45572710037 0.0019838809967 0.0129809379578 0.000700950622559 6.42844390869 0.0 0.0 0.0 0.0 0.0 0.0 0.0 0.0}
replayTaskStats inverter Cin__VDD__hl__ACQ_1 {0.04 0.01 5.89 0.72 1 6.60827898979 engnx02a.utdallas.edu 1733456538.04 1733456544.64 1 0.0267689228058 6.57899308205 0.00211596488953 0.00552201271057 0.000692129135132 6.55938076973 0.0 0.0 0.0 0.0 0.0 0.0 0.0 0.0}
replayTaskStats inverter configure {0.07 0.01 0.0 0.0 1 0.0951170921326 engnx02a.utdallas.edu 1733457064.91 1733457065.0 1}
replayTaskStats inverter delay__IN__lh__OUT__hl__ACQ_1 {0.1 0.02 5.84 0.72 1 6.62465786934 engnx02a.utdallas.edu 1733457073.2 1733457079.82 1 0.0712280273438 6.5503051281 0.0019838809967 0.00935983657837 0.000878810882568 6.42319583893 0.0 0.0 0.0 0.0 0.0 0.0 0.0 0.0}
replayTaskStats inverter delay__IN__hl__OUT__lh__ACQ_1 {0.05 0.0 5.78 0.68 1 6.4703810215 engnx02a.utdallas.edu 1733457079.82 1733457086.29 1 0.0302379131317 6.43772602081 0.00206995010376 0.00641512870789 0.000622987747192 6.41323685646 0.0 0.0 0.0 0.0 0.0 0.0 0.0 0.0}
replayTaskStats inverter leakage_power__ACQ_1 {0.03 0.01 5.91 0.66 1 6.55890488625 engnx02a.utdallas.edu 1733457086.3 1733457092.85 1 0.0219388008118 6.53441500664 0.00214910507202 0.00465679168701 0.00190591812134 6.51528191566 0.0 0.0 0.0 0.0 0.0 0.0 0.0 0.0}
replayTaskStats inverter Cin__VSS__lh__ACQ_1 {0.05 0.0 5.8 0.71 1 6.48620486259 engnx02a.utdallas.edu 1733457092.85 1733457099.34 1 0.0265760421753 6.45722317696 0.00186109542847 0.00484609603882 0.000648975372314 6.43924188614 0.0 0.0 0.0 0.0 0.0 0.0 0.0 0.0}
replayTaskStats inverter Cin__VSS__hl__ACQ_1 {0.03 0.01 5.68 0.65 1 6.31072115898 engnx02a.utdallas.edu 1733457099.34 1733457105.65 1 0.0242159366608 6.284044981 0.00201010704041 0.00485610961914 0.000633001327515 6.26587581635 0.0 0.0 0.0 0.0 0.0 0.0 0.0 0.0}
replayTaskStats inverter Cin__VDD__lh__ACQ_1 {0.06 0.0 5.68 0.66 1 6.35110592842 engnx02a.utdallas.edu 1733457105.65 1733457112.0 1 0.0416080951691 6.30702090263 0.0021550655365 0.00533699989319 0.000676870346069 6.28717684746 0.0 0.0 0.0 0.0 0.0 0.0 0.0 0.0}
replayTaskStats inverter Cin__VDD__hl__ACQ_1 {0.04 0.01 5.8 0.63 1 6.41576099396 engnx02a.utdallas.edu 1733457112.0 1733457118.42 1 0.0245900154114 6.38848090172 0.00191593170166 0.00491714477539 0.000618934631348 6.37059688568 0.0 0.0 0.0 0.0 0.0 0.0 0.0 0.0}
replayTaskStats inverter modeling {0.12 0.01 0.0 0.0 1 0.144593000412 engnx02a.utdallas.edu 1733457222.96 1733457223.1 1}
