replayTaskStats NOR2 configure {0.1 0.01 0.0 0.0 1 3.77830505371 engnx02a.utdallas.edu 1729736553.14 1729736556.92 1}
replayTaskStats NOR2 delay__B__lh__OUT__hl__ACQ_1 {0.09 0.0 6.04 0.69 1 6.91924095154 engnx02a.utdallas.edu 1729736568.46 1729736575.38 1 0.0711619853973 6.84564805031 0.00214886665344 0.00649094581604 0.000641107559204 6.81942296028 0.0 0.0 0.0 0.0 0.0 0.0 0.0 0.0}
replayTaskStats NOR2 delay__B__hl__OUT__lh__ACQ_1 {0.05 0.01 6.15 0.72 1 6.88943600655 engnx02a.utdallas.edu 1729736575.38 1729736582.27 1 0.0341398715973 6.85277605057 0.00191903114319 0.00589680671692 0.000636100769043 6.82841300964 0.0 0.0 0.0 0.0 0.0 0.0 0.0 0.0}
replayTaskStats NOR2 delay__A__lh__OUT__hl__ACQ_1 {0.06 0.01 6.13 0.76 1 8.2264790535 engnx02a.utdallas.edu 1729736582.27 1729736590.49 1 0.0354690551758 8.18851113319 0.00200510025024 1.32134413719 0.000663042068481 6.84858608246 0.0 0.0 0.0 0.0 0.0 0.0 0.0 0.0}
replayTaskStats NOR2 leakage_power__ACQ_1 {0.04 0.01 6.05 0.73 1 8.40691423416 engnx02a.utdallas.edu 1729736598.95 1729736607.35 1 0.196290969849 8.1578540802 0.00273203849792 0.00480389595032 0.0022599697113 8.1341137886 0.0 0.0 0.0 0.0 0.0 0.0 0.0 0.0}
replayTaskStats NOR2 delay__A__hl__OUT__lh__ACQ_1 {0.05 0.0 6.02 0.74 1 8.45266795158 engnx02a.utdallas.edu 1729736590.49 1729736598.95 1 0.776895046234 7.53184103966 0.0761458873749 0.524463891983 0.000638961791992 6.91468811035 0.0 0.0 0.0 0.0 0.0 0.0 0.0 0.0}
replayTaskStats NOR2 Cin__VSS__lh__ACQ_1 {0.06 0.01 6.05 0.68 1 6.73966503143 engnx02a.utdallas.edu 1729736607.35 1729736614.09 1 0.0406899452209 6.69585299492 0.00197696685791 0.00415992736816 0.000686883926392 6.67639398575 0.0 0.0 0.0 0.0 0.0 0.0 0.0 0.0}
replayTaskStats NOR2 Cin__VSS__hl__ACQ_1 {0.04 0.01 5.89 0.69 1 6.58202219009 engnx02a.utdallas.edu 1729736614.1 1729736620.68 1 0.0296900272369 6.54965376854 0.00208401679993 0.00433206558228 0.000704050064087 6.53045988083 0.0 0.0 0.0 0.0 0.0 0.0 0.0 0.0}
replayTaskStats NOR2 Cin__VDD__lh__ACQ_1 {0.04 0.01 6.1 0.71 1 6.81971502304 engnx02a.utdallas.edu 1729736620.68 1729736627.5 1 0.0299298763275 6.78717303276 0.0019428730011 0.0121958255768 0.00067400932312 6.76055788994 0.0 0.0 0.0 0.0 0.0 0.0 0.0 0.0}
replayTaskStats NOR2 Cin__VDD__hl__ACQ_1 {0.04 0.01 5.87 0.74 1 11.0535998344 engnx02a.utdallas.edu 1729736627.5 1729736638.55 1 0.0332059860229 11.0168170929 0.123784065247 0.678732872009 0.000718116760254 10.2017469406 0.0 0.0 0.0 0.0 0.0 0.0 0.0 0.0}
replayTaskStats NOR2 modeling {0.15 0.0 0.0 0.0 1 0.168763160706 engnx02a.utdallas.edu 1729736669.03 1729736669.2 1}
replayTaskStats NOR2 configure {0.1 0.01 0.0 0.0 1 0.162188053131 engnx03a.utdallas.edu 1733253633.9 1733253634.06 1}
replayTaskStats NOR2 delay__B__lh__OUT__hl__ACQ_1 {0.11 0.01 5.88 0.71 1 6.66417813301 engnx03a.utdallas.edu 1733253641.02 1733253647.69 1 0.0778269767761 6.58302211761 0.00199508666992 0.00783896446228 0.000871896743774 6.46199798584 0.0 0.0 0.0 0.0 0.0 0.0 0.0 0.0}
replayTaskStats NOR2 delay__B__hl__OUT__lh__ACQ_1 {0.05 0.01 5.94 0.63 1 6.57529306412 engnx03a.utdallas.edu 1733253647.69 1733253654.26 1 0.0349409580231 6.53776502609 0.0020968914032 0.00649499893188 0.000689029693604 6.51238512993 0.0 0.0 0.0 0.0 0.0 0.0 0.0 0.0}
replayTaskStats NOR2 delay__A__lh__OUT__hl__ACQ_1 {0.05 0.01 5.97 0.65 1 6.62665200233 engnx03a.utdallas.edu 1733253654.26 1733253660.89 1 0.0341370105743 6.58932304382 0.00255393981934 0.00741410255432 0.000865936279297 6.5603120327 0.0 0.0 0.0 0.0 0.0 0.0 0.0 0.0}
replayTaskStats NOR2 delay__A__hl__OUT__lh__ACQ_1 {0.07 0.0 5.88 0.66 1 6.57167196274 engnx03a.utdallas.edu 1733253660.89 1733253667.46 1 0.051244020462 6.5173060894 0.00223588943481 0.00716805458069 0.000904083251953 6.48537898064 0.0 0.0 0.0 0.0 0.0 0.0 0.0 0.0}
replayTaskStats NOR2 leakage_power__ACQ_1 {0.06 0.01 5.93 0.64 1 6.59179091454 engnx03a.utdallas.edu 1733253667.46 1733253674.06 1 0.0470769405365 6.54139208794 0.00277590751648 0.00506997108459 0.00272107124329 6.5181388855 0.0 0.0 0.0 0.0 0.0 0.0 0.0 0.0}
replayTaskStats NOR2 Cin__VSS__lh__ACQ_1 {0.05 0.01 5.87 0.66 1 6.54478192329 engnx03a.utdallas.edu 1733253674.06 1733253680.6 1 0.0402908325195 6.50156879425 0.00193500518799 0.00389814376831 0.000675916671753 6.48328590393 0.0 0.0 0.0 0.0 0.0 0.0 0.0 0.0}
replayTaskStats NOR2 Cin__VSS__hl__ACQ_1 {0.05 0.0 5.84 0.66 1 6.49392199516 engnx03a.utdallas.edu 1733253680.6 1733253687.1 1 0.0284008979797 6.46235704422 0.00223612785339 0.00529193878174 0.00177192687988 6.44112300873 0.0 0.0 0.0 0.0 0.0 0.0 0.0 0.0}
replayTaskStats NOR2 Cin__VDD__lh__ACQ_1 {0.05 0.01 5.94 0.68 1 6.61944007874 engnx03a.utdallas.edu 1733253687.1 1733253693.72 1 0.0299460887909 6.58512187004 0.00261688232422 0.00520396232605 0.000700950622559 6.56490898132 0.0 0.0 0.0 0.0 0.0 0.0 0.0 0.0}
replayTaskStats NOR2 Cin__VDD__hl__ACQ_1 {0.03 0.01 6.02 0.68 1 6.69807004929 engnx03a.utdallas.edu 1733253693.72 1733253700.42 1 0.0288870334625 6.66636109352 0.00214195251465 0.00514483451843 0.000671863555908 6.64720988274 0.0 0.0 0.0 0.0 0.0 0.0 0.0 0.0}
replayTaskStats NOR2 modeling {0.16 0.01 0.0 0.0 1 0.178612947464 engnx03a.utdallas.edu 1733253730.88 1733253731.06 1}
replayTaskStats NOR2 configure {0.09 0.01 0.0 0.0 1 0.146117925644 engnx02a.utdallas.edu 1733459088.52 1733459088.66 1}
replayTaskStats NOR2 delay__B__lh__OUT__hl__ACQ_1 {0.11 0.01 6.09 0.72 1 6.88635182381 engnx02a.utdallas.edu 1733459095.22 1733459102.11 1 0.0801320075989 6.80292415619 0.00277996063232 0.00792288780212 0.000910043716431 6.67649722099 0.0 0.0 0.0 0.0 0.0 0.0 0.0 0.0}
replayTaskStats NOR2 delay__B__hl__OUT__lh__ACQ_1 {0.06 0.01 5.94 0.69 1 6.63785290718 engnx02a.utdallas.edu 1733459102.11 1733459108.74 1 0.0378501415253 6.59752011299 0.00191116333008 0.00699090957642 0.000684976577759 6.57140684128 0.0 0.0 0.0 0.0 0.0 0.0 0.0 0.0}
replayTaskStats NOR2 delay__A__lh__OUT__hl__ACQ_1 {0.05 0.0 6.07 0.68 1 6.75312209129 engnx02a.utdallas.edu 1733459108.74 1733459115.5 1 0.0339448451996 6.71660017967 0.00221395492554 0.00662589073181 0.000725030899048 6.69055509567 0.0 0.0 0.0 0.0 0.0 0.0 0.0 0.0}
replayTaskStats NOR2 delay__A__hl__OUT__lh__ACQ_1 {0.06 0.01 5.86 0.69 1 6.56344008446 engnx02a.utdallas.edu 1733459115.5 1733459122.06 1 0.036180973053 6.52458786964 0.002032995224 0.00751495361328 0.000662088394165 6.49752092361 0.0 0.0 0.0 0.0 0.0 0.0 0.0 0.0}
replayTaskStats NOR2 leakage_power__ACQ_1 {0.06 0.03 5.79 0.72 1 6.5514330864 engnx02a.utdallas.edu 1733459122.06 1733459128.61 1 0.0692329406738 6.47924494743 0.00208282470703 0.00598382949829 0.0022120475769 6.45497703552 0.0 0.0 0.0 0.0 0.0 0.0 0.0 0.0}
replayTaskStats NOR2 Cin__VSS__lh__ACQ_1 {0.04 0.01 5.9 0.68 1 6.58102297783 engnx02a.utdallas.edu 1733459128.61 1733459135.2 1 0.0311260223389 6.54709506035 0.00213098526001 0.00560998916626 0.000668048858643 6.52760505676 0.0 0.0 0.0 0.0 0.0 0.0 0.0 0.0}
replayTaskStats NOR2 Cin__VSS__hl__ACQ_1 {0.05 0.01 5.79 0.68 1 6.46356010437 engnx02a.utdallas.edu 1733459135.2 1733459141.66 1 0.0289559364319 6.43207907677 0.00210118293762 0.00509214401245 0.000652074813843 6.41333293915 0.0 0.0 0.0 0.0 0.0 0.0 0.0 0.0}
replayTaskStats NOR2 Cin__VDD__lh__ACQ_1 {0.03 0.01 6.04 0.72 1 6.74311900139 engnx02a.utdallas.edu 1733459141.66 1733459148.4 1 0.0267770290375 6.71381187439 0.00192284584045 0.00522899627686 0.000630140304565 6.69542217255 0.0 0.0 0.0 0.0 0.0 0.0 0.0 0.0}
replayTaskStats NOR2 Cin__VDD__hl__ACQ_1 {0.04 0.0 5.98 0.69 1 6.67809200287 engnx02a.utdallas.edu 1733459148.4 1733459155.08 1 0.027932882309 6.64768719673 0.00192213058472 0.0065279006958 0.000627994537354 6.62746214867 0.0 0.0 0.0 0.0 0.0 0.0 0.0 0.0}
replayTaskStats NOR2 modeling {0.15 0.01 0.0 0.0 1 0.20282292366 engnx02a.utdallas.edu 1733459178.48 1733459178.69 1}
