mgc_rve_context "Tri_INV" 1000
mgc_rve_highlight_index 0 "en" "#FFFF00000000"
mgc_rve_layer "M1_par"
mr 0.621 -0.235 0.768 0.13
mr 1.133 -0.235 1.28 0.13
mgc_rve_layer "M2_par"
mr 0.621 -0.338 0.777 0.267
mr 1.133 -0.338 1.289 0.267
mgc_rve_layer "pc_par"
mr 0.522 2.007 0.584 2.148
mp 8 0.522 -1.055 0.584 -1.055 0.584 -0.097 0.763 -0.097 0.763 0.097 0.584 0.097 0.584 0.707 0.522 0.707
mp 8 0.522 -1.964 1.096 -1.964 1.096 -1.755 1.034 -1.755 1.034 -1.897 0.584 -1.897 0.584 -1.755 0.522 -1.755
mr 1.034 2.007 1.096 2.148
mp 8 1.034 -1.055 1.096 -1.055 1.096 -0.097 1.275 -0.097 1.275 0.097 1.096 0.097 1.096 0.707 1.034 0.707
mgc_rve_layer "gate_dc"
mr 0.522 -1.755 0.584 -1.055
mr 0.522 0.707 0.584 2.007
mr 1.034 -1.755 1.096 -1.055
mr 1.034 0.707 1.096 2.007
mgc_rve_zoom 0.358 -2.845 1.453 3.029 1
