replayTaskStats NAND3 configure {0.14 0.02 0.0 0.0 1 0.184291124344 engnx02a.utdallas.edu 1729712904.95 1729712905.14 1}
replayTaskStats NAND3 delay__B__lh__OUT__hl__ACQ_1 {0.12 0.02 6.12 0.73 1 7.07314610481 engnx02a.utdallas.edu 1729712921.98 1729712929.05 1 0.0870358943939 6.98285579681 0.00232195854187 0.00674796104431 0.000893115997314 6.85696101189 0.0 0.0 0.0 0.0 0.0 0.0 0.0 0.0}
replayTaskStats NAND3 delay__B__hl__OUT__lh__ACQ_1 {0.06 0.0 5.99 0.72 1 7.92711210251 engnx02a.utdallas.edu 1729712929.05 1729712936.98 1 0.0390129089355 7.88558506966 0.00197005271912 0.567944049835 0.000675916671753 7.08407998085 0.0 0.0 0.0 0.0 0.0 0.0 0.0 0.0}
replayTaskStats NAND3 delay__C__lh__OUT__hl__ACQ_1 {0.05 0.01 5.95 0.67 1 7.69570207596 engnx02a.utdallas.edu 1729712936.98 1729712944.68 1 0.349877119064 7.22303891182 0.00193786621094 0.576946973801 0.000684976577759 6.62729287148 0.0 0.0 0.0 0.0 0.0 0.0 0.0 0.0}
replayTaskStats NAND3 delay__C__hl__OUT__lh__ACQ_1 {0.08 0.02 6.28 0.71 1 7.36566090584 engnx02a.utdallas.edu 1729712944.68 1729712952.04 1 0.257662057877 7.03462600708 0.00227904319763 0.00569295883179 0.000679969787598 7.008425951 0.0 0.0 0.0 0.0 0.0 0.0 0.0 0.0}
replayTaskStats NAND3 delay__A__lh__OUT__hl__ACQ_1 {0.06 0.01 6.06 0.68 1 6.76726603508 engnx02a.utdallas.edu 1729712952.04 1729712958.81 1 0.0385160446167 6.72606992722 0.00199508666992 0.00561809539795 0.000627994537354 6.70197200775 0.0 0.0 0.0 0.0 0.0 0.0 0.0 0.0}
replayTaskStats NAND3 delay__A__hl__OUT__lh__ACQ_1 {0.05 0.01 6.14 0.71 1 6.88143801689 engnx02a.utdallas.edu 1729712958.81 1729712965.69 1 0.0382549762726 6.84071993828 0.00197291374207 0.00607395172119 0.000638961791992 6.81593394279 0.0 0.0 0.0 0.0 0.0 0.0 0.0 0.0}
replayTaskStats NAND3 leakage_power__ACQ_1 {0.05 0.0 5.96 0.66 1 6.63598489761 engnx02a.utdallas.edu 1729712965.69 1729712972.33 1 0.0286588668823 6.60467481613 0.00190091133118 0.0042450428009 0.00219392776489 6.58476805687 0.0 0.0 0.0 0.0 0.0 0.0 0.0 0.0}
replayTaskStats NAND3 Cin__VSS__lh__ACQ_1 {0.04 0.01 6.0 0.64 1 7.96885204315 engnx02a.utdallas.edu 1729712972.33 1729712980.3 1 0.0349321365356 7.93142700195 0.00194215774536 1.31322717667 0.000652074813843 6.60459184647 0.0 0.0 0.0 0.0 0.0 0.0 0.0 0.0}
replayTaskStats NAND3 Cin__VSS__hl__ACQ_1 {0.05 0.01 5.82 0.69 1 11.3199551105 engnx02a.utdallas.edu 1729712980.3 1729712991.62 1 0.461281061172 10.7176561356 0.00230002403259 0.00470614433289 0.000638008117676 10.6990070343 0.0 0.0 0.0 0.0 0.0 0.0 0.0 0.0}
replayTaskStats NAND3 Cin__VDD__lh__ACQ_1 {0.04 0.0 5.96 0.67 1 6.99709320068 engnx02a.utdallas.edu 1729712991.62 1729712998.62 1 0.0301020145416 6.96445298195 0.00194501876831 0.00388622283936 0.000633001327515 6.88070201874 0.0 0.0 0.0 0.0 0.0 0.0 0.0 0.0}
replayTaskStats NAND3 Cin__VDD__hl__ACQ_1 {0.05 0.01 6.15 0.72 1 7.09690499306 engnx02a.utdallas.edu 1729712998.62 1729713005.71 1 0.0311028957367 7.06310796738 0.0019838809967 0.00396013259888 0.000648021697998 7.04547405243 0.0 0.0 0.0 0.0 0.0 0.0 0.0 0.0}
replayTaskStats NAND3 modeling {0.19 0.0 0.0 0.0 1 0.264665126801 engnx02a.utdallas.edu 1729713323.33 1729713323.59 1}
replayTaskStats NAND3 configure {0.14 0.01 0.0 0.0 1 0.185446023941 engnx03a.utdallas.edu 1733253341.05 1733253341.23 1}
replayTaskStats NAND3 delay__B__lh__OUT__hl__ACQ_1 {0.11 0.01 6.15 0.77 1 7.00983691216 engnx03a.utdallas.edu 1733253347.46 1733253354.47 1 0.0853691101074 6.92103600502 0.00226497650146 0.0184459686279 0.00099515914917 6.79044604301 0.0 0.0 0.0 0.0 0.0 0.0 0.0 0.0}
replayTaskStats NAND3 delay__B__hl__OUT__lh__ACQ_1 {0.06 0.01 6.06 0.67 1 6.74706602097 engnx03a.utdallas.edu 1733253354.47 1733253361.21 1 0.0398910045624 6.70427322388 0.00205898284912 0.00693893432617 0.000707149505615 6.67754721642 0.0 0.0 0.0 0.0 0.0 0.0 0.0 0.0}
replayTaskStats NAND3 delay__C__lh__OUT__hl__ACQ_1 {0.06 0.01 6.22 0.66 1 6.8951420784 engnx03a.utdallas.edu 1733253361.22 1733253368.11 1 0.04030585289 6.85145998001 0.00216507911682 0.00665402412415 0.000699996948242 6.82503700256 0.0 0.0 0.0 0.0 0.0 0.0 0.0 0.0}
replayTaskStats NAND3 delay__C__hl__OUT__lh__ACQ_1 {0.08 0.01 6.08 0.71 1 6.81841301918 engnx03a.utdallas.edu 1733253368.11 1733253374.93 1 0.0598368644714 6.75584888458 0.00202798843384 0.00704216957092 0.000729084014893 6.72760415077 0.0 0.0 0.0 0.0 0.0 0.0 0.0 0.0}
replayTaskStats NAND3 delay__A__lh__OUT__hl__ACQ_1 {0.05 0.01 5.99 0.67 1 6.67674303055 engnx03a.utdallas.edu 1733253374.93 1733253381.61 1 0.0394458770752 6.63451719284 0.00199604034424 0.00697588920593 0.000674962997437 6.60878396034 0.0 0.0 0.0 0.0 0.0 0.0 0.0 0.0}
replayTaskStats NAND3 leakage_power__ACQ_1 {0.04 0.01 5.84 0.7 1 6.52930903435 engnx03a.utdallas.edu 1733253388.12 1733253394.65 1 0.0299890041351 6.49660110474 0.00196003913879 0.00521492958069 0.00218892097473 6.47530794144 0.0 0.0 0.0 0.0 0.0 0.0 0.0 0.0}
replayTaskStats NAND3 delay__A__hl__OUT__lh__ACQ_1 {0.07 0.0 5.83 0.65 1 6.50826311111 engnx03a.utdallas.edu 1733253381.61 1733253388.12 1 0.038948059082 6.46594309807 0.00245499610901 0.0075900554657 0.000842094421387 6.43675208092 0.0 0.0 0.0 0.0 0.0 0.0 0.0 0.0}
replayTaskStats NAND3 Cin__VSS__lh__ACQ_1 {0.05 0.0 6.2 0.73 1 6.9446079731 engnx03a.utdallas.edu 1733253394.65 1733253401.59 1 0.034175157547 6.90779304504 0.00236296653748 0.00488996505737 0.000704050064087 6.88845396042 0.0 0.0 0.0 0.0 0.0 0.0 0.0 0.0}
replayTaskStats NAND3 Cin__VSS__hl__ACQ_1 {0.05 0.01 5.93 0.66 1 6.58465719223 engnx03a.utdallas.edu 1733253401.59 1733253408.18 1 0.0323460102081 6.54949688911 0.00198316574097 0.00528883934021 0.000674962997437 6.5299270153 0.0 0.0 0.0 0.0 0.0 0.0 0.0 0.0}
replayTaskStats NAND3 Cin__VDD__lh__ACQ_1 {0.04 0.01 5.9 0.67 1 6.56500816345 engnx03a.utdallas.edu 1733253408.18 1733253414.74 1 0.0306298732758 6.53178977966 0.00204801559448 0.00497889518738 0.000679969787598 6.51287889481 0.0 0.0 0.0 0.0 0.0 0.0 0.0 0.0}
replayTaskStats NAND3 Cin__VDD__hl__ACQ_1 {0.04 0.0 5.88 0.66 1 6.53213191032 engnx03a.utdallas.edu 1733253414.74 1733253421.27 1 0.0313949584961 6.4980738163 0.00200009346008 0.00477194786072 0.000688076019287 6.47942495346 0.0 0.0 0.0 0.0 0.0 0.0 0.0 0.0}
replayTaskStats NAND3 modeling {0.19 0.0 0.0 0.0 1 0.227675914764 engnx03a.utdallas.edu 1733253442.85 1733253443.07 1}
replayTaskStats NAND3 configure {0.15 0.02 0.0 0.0 1 0.195510864258 engnx02a.utdallas.edu 1733458366.01 1733458366.21 1}
replayTaskStats NAND3 configure {0.14 0.01 0.0 0.0 1 0.185254096985 engnx02a.utdallas.edu 1733458809.01 1733458809.19 1}
replayTaskStats NAND3 delay__B__lh__OUT__hl__ACQ_1 {0.09 0.03 6.07 0.72 1 6.94972419739 engnx02a.utdallas.edu 1733458811.23 1733458818.18 1 0.0837299823761 6.86355113983 0.00186109542847 0.00814390182495 0.000930070877075 6.83618092537 0.0 0.0 0.0 0.0 0.0 0.0 0.0 0.0}
replayTaskStats NAND3 delay__B__hl__OUT__lh__ACQ_1 {0.11 0.03 5.94 0.63 1 6.64330887794 engnx02a.utdallas.edu 1733458818.18 1733458824.82 1 0.106425046921 6.53439188004 0.00189805030823 0.00650596618652 0.000637054443359 6.50835084915 0.0 0.0 0.0 0.0 0.0 0.0 0.0 0.0}
replayTaskStats NAND3 delay__C__lh__OUT__hl__ACQ_1 {0.05 0.0 5.92 0.69 1 6.62507486343 engnx02a.utdallas.edu 1733458824.82 1733458831.45 1 0.0362818241119 6.5863301754 0.00206899642944 0.0068039894104 0.00064492225647 6.56103181839 0.0 0.0 0.0 0.0 0.0 0.0 0.0 0.0}
replayTaskStats NAND3 delay__C__hl__OUT__lh__ACQ_1 {0.06 0.01 6.0 0.67 1 6.68237805367 engnx02a.utdallas.edu 1733458831.45 1733458838.13 1 0.0444059371948 6.63549804688 0.00180888175964 0.00652313232422 0.00063419342041 6.61052203178 0.0 0.0 0.0 0.0 0.0 0.0 0.0 0.0}
replayTaskStats NAND3 delay__A__lh__OUT__hl__ACQ_1 {0.05 0.01 5.91 0.73 1 6.63643908501 engnx02a.utdallas.edu 1733458838.13 1733458844.77 1 0.036239862442 6.59769082069 0.00187611579895 0.00653505325317 0.000635147094727 6.57327795029 0.0 0.0 0.0 0.0 0.0 0.0 0.0 0.0}
replayTaskStats NAND3 leakage_power__ACQ_1 {0.04 0.01 5.75 0.68 1 6.42765498161 engnx02a.utdallas.edu 1733458851.34 1733458857.77 1 0.0272991657257 6.3976688385 0.00212407112122 0.00503778457642 0.00218391418457 6.37747001648 0.0 0.0 0.0 0.0 0.0 0.0 0.0 0.0}
replayTaskStats NAND3 delay__A__hl__OUT__lh__ACQ_1 {0.06 0.0 5.92 0.64 1 6.57732391357 engnx02a.utdallas.edu 1733458844.77 1733458851.34 1 0.0379250049591 6.53695487976 0.00208210945129 0.00719594955444 0.000661849975586 6.51123309135 0.0 0.0 0.0 0.0 0.0 0.0 0.0 0.0}
replayTaskStats NAND3 Cin__VSS__lh__ACQ_1 {0.05 0.0 5.77 0.68 1 6.44963598251 engnx02a.utdallas.edu 1733458857.77 1733458864.22 1 0.0337591171265 6.41342782974 0.00203204154968 0.00518083572388 0.000612020492554 6.39456391335 0.0 0.0 0.0 0.0 0.0 0.0 0.0 0.0}
replayTaskStats NAND3 Cin__VSS__hl__ACQ_1 {0.04 0.01 5.84 0.67 1 6.50729107857 engnx02a.utdallas.edu 1733458864.22 1733458870.73 1 0.0305321216583 6.47434186935 0.00235414505005 0.00469303131104 0.000627994537354 6.45566487312 0.0 0.0 0.0 0.0 0.0 0.0 0.0 0.0}
replayTaskStats NAND3 Cin__VDD__lh__ACQ_1 {0.05 0.01 5.74 0.69 1 6.43993496895 engnx02a.utdallas.edu 1733458870.73 1733458877.17 1 0.0303959846497 6.40703415871 0.00188302993774 0.00523591041565 0.000638008117676 6.38848996162 0.0 0.0 0.0 0.0 0.0 0.0 0.0 0.0}
replayTaskStats NAND3 Cin__VDD__hl__ACQ_1 {0.05 0.0 5.88 0.66 1 6.56598496437 engnx02a.utdallas.edu 1733458877.17 1733458883.74 1 0.0348749160767 6.52860784531 0.00209712982178 0.00542402267456 0.000676870346069 6.50843405724 0.0 0.0 0.0 0.0 0.0 0.0 0.0 0.0}
replayTaskStats NAND3 modeling {0.18 0.0 0.0 0.0 1 0.206145048141 engnx02a.utdallas.edu 1733458914.44 1733458914.65 1}
