replayTaskStats NAND4 configure {0.18 0.01 0.0 0.0 1 4.75253415108 engnx02a.utdallas.edu 1729736157.37 1729736162.12 1}
replayTaskStats NAND4 delay__A__hl__OUT__lh__ACQ_1 {0.12 0.01 6.09 0.96 1 17.0034341812 engnx02a.utdallas.edu 1729736200.57 1729736217.57 1 0.0910868644714 16.9090490341 0.058210849762 0.585443019867 0.000869989395142 16.1544098854 0.0 0.0 0.0 0.0 0.0 0.0 0.0 0.0}
replayTaskStats NAND4 delay__A__lh__OUT__hl__ACQ_1 {0.07 0.01 6.08 0.69 1 7.50475287437 engnx02a.utdallas.edu 1729736217.65 1729736225.15 1 0.304986953735 7.12593102455 0.00263118743896 0.00653314590454 0.000696897506714 7.02769994736 0.0 0.0 0.0 0.0 0.0 0.0 0.0 0.0}
replayTaskStats NAND4 delay__B__hl__OUT__lh__ACQ_1 {0.08 0.01 6.15 0.65 1 6.86420512199 engnx02a.utdallas.edu 1729736225.16 1729736232.02 1 0.0616080760956 6.80007481575 0.00229597091675 0.0211429595947 0.000687122344971 6.7585940361 0.0 0.0 0.0 0.0 0.0 0.0 0.0 0.0}
replayTaskStats NAND4 delay__B__lh__OUT__hl__ACQ_1 {0.06 0.02 6.14 0.65 1 6.83814001083 engnx02a.utdallas.edu 1729736232.02 1729736238.86 1 0.0507390499115 6.78439998627 0.00206208229065 0.00649499893188 0.000921964645386 6.7565369606 0.0 0.0 0.0 0.0 0.0 0.0 0.0 0.0}
replayTaskStats NAND4 delay__C__hl__OUT__lh__ACQ_1 {0.07 0.0 5.97 0.69 1 6.67644500732 engnx02a.utdallas.edu 1729736238.86 1729736245.54 1 0.0458960533142 6.62781715393 0.00217795372009 0.00655603408813 0.000650882720947 6.60173511505 0.0 0.0 0.0 0.0 0.0 0.0 0.0 0.0}
replayTaskStats NAND4 delay__C__lh__OUT__hl__ACQ_1 {0.06 0.01 6.2 0.7 1 6.92294502258 engnx02a.utdallas.edu 1729736245.54 1729736252.46 1 0.0408661365509 6.87778902054 0.00241994857788 0.00673198699951 0.000847101211548 6.84914207458 0.0 0.0 0.0 0.0 0.0 0.0 0.0 0.0}
replayTaskStats NAND4 delay__D__hl__OUT__lh__ACQ_1 {0.07 0.01 6.12 0.69 1 12.6808438301 engnx02a.utdallas.edu 1729736252.46 1729736265.14 1 0.0456280708313 12.6320550442 0.0591969490051 0.540877819061 0.000653982162476 11.8661680222 0.0 0.0 0.0 0.0 0.0 0.0 0.0 0.0}
replayTaskStats NAND4 delay__D__lh__OUT__hl__ACQ_1 {0.06 0.01 5.98 0.77 1 9.65051913261 engnx02a.utdallas.edu 1729736265.14 1729736274.79 1 0.404803037643 9.11816000938 0.0019519329071 0.00730109214783 0.000710010528564 9.08986401558 0.0 0.0 0.0 0.0 0.0 0.0 0.0 0.0}
replayTaskStats NAND4 leakage_power__ACQ_1 {0.06 0.0 5.79 0.69 1 6.49104404449 engnx02a.utdallas.edu 1729736274.79 1729736281.28 1 0.0327548980713 6.4555618763 0.00197911262512 0.00393199920654 0.00251603126526 6.43500185013 0.0 0.0 0.0 0.0 0.0 0.0 0.0 0.0}
replayTaskStats NAND4 Cin__VSS__hl__ACQ_1 {0.04 0.01 5.95 0.69 1 6.65076208115 engnx02a.utdallas.edu 1729736281.28 1729736287.94 1 0.0400199890137 6.60814809799 0.00193905830383 0.00425410270691 0.000683069229126 6.58904600143 0.0 0.0 0.0 0.0 0.0 0.0 0.0 0.0}
replayTaskStats NAND4 Cin__VSS__lh__ACQ_1 {0.05 0.01 6.01 0.71 1 6.73273086548 engnx02a.utdallas.edu 1729736287.94 1729736294.67 1 0.0408139228821 6.68940901756 0.00216817855835 0.00449299812317 0.000646114349365 6.66970086098 0.0 0.0 0.0 0.0 0.0 0.0 0.0 0.0}
replayTaskStats NAND4 Cin__VDD__hl__ACQ_1 {0.05 0.01 5.84 0.72 1 6.57230901718 engnx02a.utdallas.edu 1729736294.67 1729736301.24 1 0.0350289344788 6.53479218483 0.00226807594299 0.00428295135498 0.000637054443359 6.51631808281 0.0 0.0 0.0 0.0 0.0 0.0 0.0 0.0}
replayTaskStats NAND4 Cin__VDD__lh__ACQ_1 {0.05 0.0 5.84 0.69 1 7.04379200935 engnx02a.utdallas.edu 1729736301.24 1729736308.29 1 0.0327439308167 7.00852012634 0.00186204910278 0.5143699646 0.000659942626953 6.48029398918 0.0 0.0 0.0 0.0 0.0 0.0 0.0 0.0}
replayTaskStats NAND4 modeling {0.25 0.02 0.0 0.0 1 0.32709312439 engnx02a.utdallas.edu 1729736345.09 1729736345.41 1}
replayTaskStats NAND4 configure {0.17 0.02 0.0 0.0 1 0.223128080368 engnx03a.utdallas.edu 1733253490.31 1733253490.54 1}
replayTaskStats NAND4 delay__A__hl__OUT__lh__ACQ_1 {0.12 0.01 5.93 0.69 1 6.75854682922 engnx03a.utdallas.edu 1733253496.58 1733253503.34 1 0.0872530937195 6.66742086411 0.00230503082275 0.00742793083191 0.000898122787476 6.55041313171 0.0 0.0 0.0 0.0 0.0 0.0 0.0 0.0}
replayTaskStats NAND4 delay__A__lh__OUT__hl__ACQ_1 {0.07 0.01 5.94 0.67 1 6.62969303131 engnx03a.utdallas.edu 1733253503.34 1733253509.97 1 0.0459427833557 6.58099603653 0.0021059513092 0.00681304931641 0.000681161880493 6.5526599884 0.0 0.0 0.0 0.0 0.0 0.0 0.0 0.0}
replayTaskStats NAND4 delay__B__hl__OUT__lh__ACQ_1 {0.07 0.01 6.02 0.65 1 6.71002793312 engnx03a.utdallas.edu 1733253509.97 1733253516.68 1 0.0566809177399 6.65064406395 0.00210189819336 0.0075478553772 0.000761985778809 6.62211608887 0.0 0.0 0.0 0.0 0.0 0.0 0.0 0.0}
replayTaskStats NAND4 delay__B__lh__OUT__hl__ACQ_1 {0.07 0.01 6.09 0.68 1 6.79463791847 engnx03a.utdallas.edu 1733253516.68 1733253523.47 1 0.0509948730469 6.74064993858 0.00218415260315 0.00678181648254 0.000797033309937 6.71169304848 0.0 0.0 0.0 0.0 0.0 0.0 0.0 0.0}
replayTaskStats NAND4 delay__C__hl__OUT__lh__ACQ_1 {0.06 0.01 5.85 0.69 1 6.55386781693 engnx03a.utdallas.edu 1733253523.47 1733253530.03 1 0.044420003891 6.50672101974 0.0019109249115 0.00698900222778 0.000679016113281 6.48101687431 0.0 0.0 0.0 0.0 0.0 0.0 0.0 0.0}
replayTaskStats NAND4 delay__C__lh__OUT__hl__ACQ_1 {0.06 0.01 6.05 0.64 1 6.70197677612 engnx03a.utdallas.edu 1733253530.03 1733253536.73 1 0.0416798591614 6.65769100189 0.00223398208618 0.00688505172729 0.000674962997437 6.63136601448 0.0 0.0 0.0 0.0 0.0 0.0 0.0 0.0}
replayTaskStats NAND4 delay__D__hl__OUT__lh__ACQ_1 {0.07 0.0 6.12 0.68 1 6.81588816643 engnx03a.utdallas.edu 1733253536.73 1733253543.55 1 0.0419249534607 6.77133488655 0.00244998931885 0.00711703300476 0.00071907043457 6.74432492256 0.0 0.0 0.0 0.0 0.0 0.0 0.0 0.0}
replayTaskStats NAND4 delay__D__lh__OUT__hl__ACQ_1 {0.06 0.01 5.88 0.64 1 6.5374879837 engnx03a.utdallas.edu 1733253543.55 1733253550.08 1 0.0423910617828 6.4922990799 0.0020899772644 0.00725793838501 0.000669002532959 6.46532511711 0.0 0.0 0.0 0.0 0.0 0.0 0.0 0.0}
replayTaskStats NAND4 leakage_power__ACQ_1 {0.05 0.0 5.91 0.66 1 6.57052087784 engnx03a.utdallas.edu 1733253550.09 1733253556.66 1 0.0303030014038 6.53749704361 0.00203990936279 0.00496387481689 0.00246405601501 6.51464295387 0.0 0.0 0.0 0.0 0.0 0.0 0.0 0.0}
replayTaskStats NAND4 Cin__VSS__hl__ACQ_1 {0.05 0.01 5.8 0.66 1 6.4721198082 engnx03a.utdallas.edu 1733253556.66 1733253563.13 1 0.0374791622162 6.43197417259 0.00200796127319 0.00529789924622 0.000690937042236 6.41235303879 0.0 0.0 0.0 0.0 0.0 0.0 0.0 0.0}
replayTaskStats NAND4 Cin__VSS__lh__ACQ_1 {0.05 0.01 5.78 0.61 1 6.39473795891 engnx03a.utdallas.edu 1733253563.13 1733253569.52 1 0.0331809520721 6.35888004303 0.00202417373657 0.00555086135864 0.000671863555908 6.3388941288 0.0 0.0 0.0 0.0 0.0 0.0 0.0 0.0}
replayTaskStats NAND4 Cin__VDD__hl__ACQ_1 {0.04 0.0 5.91 0.64 1 6.5454249382 engnx03a.utdallas.edu 1733253569.52 1733253576.07 1 0.0337128639221 6.5090470314 0.00212907791138 0.00538802146912 0.000664949417114 6.4891269207 0.0 0.0 0.0 0.0 0.0 0.0 0.0 0.0}
replayTaskStats NAND4 Cin__VDD__lh__ACQ_1 {0.05 0.01 5.94 0.67 1 6.61595797539 engnx03a.utdallas.edu 1733253576.07 1733253582.69 1 0.0336518287659 6.57965183258 0.0020010471344 0.00531506538391 0.00068211555481 6.56008315086 0.0 0.0 0.0 0.0 0.0 0.0 0.0 0.0}
replayTaskStats NAND4 modeling {0.24 0.01 0.0 0.0 1 0.332966089249 engnx03a.utdallas.edu 1733253609.02 1733253609.36 1}
replayTaskStats NAND4 configure {0.17 0.01 0.0 0.0 1 0.215486049652 engnx02a.utdallas.edu 1733458937.94 1733458938.15 1}
replayTaskStats NAND4 delay__A__hl__OUT__lh__ACQ_1 {0.12 0.02 5.87 0.7 1 6.75204491615 engnx02a.utdallas.edu 1733458944.48 1733458951.23 1 0.107195854187 6.64166688919 0.00215005874634 0.00822806358337 0.000917911529541 6.51748490334 0.0 0.0 0.0 0.0 0.0 0.0 0.0 0.0}
replayTaskStats NAND4 delay__A__lh__OUT__hl__ACQ_1 {0.07 0.0 5.93 0.71 1 6.64910697937 engnx02a.utdallas.edu 1733458951.23 1733458957.88 1 0.0420730113983 6.60451793671 0.00198483467102 0.00683403015137 0.000695943832397 6.57872509956 0.0 0.0 0.0 0.0 0.0 0.0 0.0 0.0}
replayTaskStats NAND4 delay__B__hl__OUT__lh__ACQ_1 {0.07 0.01 5.89 0.67 1 6.59608101845 engnx02a.utdallas.edu 1733458957.88 1733458964.48 1 0.061469078064 6.53207612038 0.00222706794739 0.00729203224182 0.000689029693604 6.50485682487 0.0 0.0 0.0 0.0 0.0 0.0 0.0 0.0}
replayTaskStats NAND4 delay__B__lh__OUT__hl__ACQ_1 {0.06 0.02 5.94 0.71 1 6.66835594177 engnx02a.utdallas.edu 1733458964.48 1733458971.15 1 0.0501608848572 6.61553406715 0.00216698646545 0.00723910331726 0.000734090805054 6.5859708786 0.0 0.0 0.0 0.0 0.0 0.0 0.0 0.0}
replayTaskStats NAND4 delay__C__hl__OUT__lh__ACQ_1 {0.07 0.01 6.02 0.7 1 6.74692201614 engnx02a.utdallas.edu 1733458971.15 1733458977.89 1 0.0484659671783 6.69575095177 0.00197911262512 0.00713682174683 0.000691890716553 6.66895008087 0.0 0.0 0.0 0.0 0.0 0.0 0.0 0.0}
replayTaskStats NAND4 delay__C__lh__OUT__hl__ACQ_1 {0.06 0.01 5.95 0.67 1 6.66011404991 engnx02a.utdallas.edu 1733458977.9 1733458984.56 1 0.0400178432465 6.6176199913 0.00192499160767 0.0357000827789 0.000694990158081 6.56299805641 0.0 0.0 0.0 0.0 0.0 0.0 0.0 0.0}
replayTaskStats NAND4 delay__D__hl__OUT__lh__ACQ_1 {0.06 0.01 5.99 0.67 1 6.66685700417 engnx02a.utdallas.edu 1733458984.56 1733458991.22 1 0.0420050621033 6.62230014801 0.00192809104919 0.00766682624817 0.000678062438965 6.59503602982 0.0 0.0 0.0 0.0 0.0 0.0 0.0 0.0}
replayTaskStats NAND4 delay__D__lh__OUT__hl__ACQ_1 {0.06 0.0 5.99 0.65 1 6.65411400795 engnx02a.utdallas.edu 1733458991.22 1733458997.88 1 0.0413570404053 6.61022400856 0.00227093696594 0.00704002380371 0.000675916671753 6.58326792717 0.0 0.0 0.0 0.0 0.0 0.0 0.0 0.0}
replayTaskStats NAND4 leakage_power__ACQ_1 {0.05 0.01 5.75 0.7 1 6.44783902168 engnx02a.utdallas.edu 1733458997.88 1733459004.33 1 0.0311341285706 6.41382193565 0.00211000442505 0.00548386573792 0.00282716751099 6.39116692543 0.0 0.0 0.0 0.0 0.0 0.0 0.0 0.0}
replayTaskStats NAND4 Cin__VSS__hl__ACQ_1 {0.05 0.0 5.85 0.66 1 6.53781795502 engnx02a.utdallas.edu 1733459004.33 1733459010.86 1 0.0416860580444 6.49362182617 0.00192713737488 0.00543999671936 0.00067400932312 6.47353410721 0.0 0.0 0.0 0.0 0.0 0.0 0.0 0.0}
replayTaskStats NAND4 Cin__VSS__lh__ACQ_1 {0.05 0.01 5.83 0.68 1 6.50373101234 engnx02a.utdallas.edu 1733459010.87 1733459017.37 1 0.0342540740967 6.46586108208 0.00191402435303 0.00514197349548 0.000657081604004 6.44677090645 0.0 0.0 0.0 0.0 0.0 0.0 0.0 0.0}
replayTaskStats NAND4 Cin__VDD__hl__ACQ_1 {0.05 0.0 5.85 0.68 1 6.53209590912 engnx02a.utdallas.edu 1733459017.37 1733459023.9 1 0.0344929695129 6.49505901337 0.00205206871033 0.00499796867371 0.000693082809448 6.47565984726 0.0 0.0 0.0 0.0 0.0 0.0 0.0 0.0}
replayTaskStats NAND4 Cin__VDD__lh__ACQ_1 {0.05 0.01 5.75 0.69 1 6.43983411789 engnx02a.utdallas.edu 1733459023.9 1733459030.34 1 0.0339388847351 6.40189886093 0.00219511985779 0.00525808334351 0.000638008117676 6.38266992569 0.0 0.0 0.0 0.0 0.0 0.0 0.0 0.0}
replayTaskStats NAND4 modeling {0.24 0.02 0.0 0.0 1 0.30900812149 engnx02a.utdallas.edu 1733459052.56 1733459052.87 1}
