replayTaskStats dff configure {0.27 0.01 0.01 0.03 1 0.383656024933 engnx02a.utdallas.edu 1731529082.37 1731529082.75 1}
replayTaskStats dff initialization__ACQ_7 {0.1 0.01 5.83 0.67 1 6.65230607986 engnx02a.utdallas.edu 1731529103.77 1731529110.42 1 0.0696029663086 6.57925105095 0.00422191619873 0.00388193130493 0.00184988975525 6.46795988083 0.0 0.0 0.0 0.0 0.0 0.0 0.0 0.0}
replayTaskStats dff initialization__ACQ_6 {0.04 0.0 6.03 0.59 1 6.61602401733 engnx02a.utdallas.edu 1731529110.42 1731529117.04 1 0.0323929786682 6.58106088638 0.00358891487122 0.00414299964905 0.00154185295105 6.55939412117 0.0 0.0 0.0 0.0 0.0 0.0 0.0 0.0}
replayTaskStats dff initialization__ACQ_4 {0.05 0.01 5.89 0.65 1 6.54370594025 engnx02a.utdallas.edu 1731529117.04 1731529123.58 1 0.0270450115204 6.51411604881 0.00362396240234 0.00384712219238 0.00173997879028 6.49355912209 0.0 0.0 0.0 0.0 0.0 0.0 0.0 0.0}
replayTaskStats dff initialization__ACQ_5 {0.06 0.01 5.92 0.63 1 6.56637787819 engnx02a.utdallas.edu 1731529123.58 1731529130.15 1 0.047196149826 6.51662898064 0.00358510017395 0.00400590896606 0.00148296356201 6.49536895752 0.0 0.0 0.0 0.0 0.0 0.0 0.0 0.0}
replayTaskStats dff initialization__ACQ_1 {0.05 0.0 5.92 0.6 1 6.52825903893 engnx02a.utdallas.edu 1731529153.33 1731529159.85 1 0.0281009674072 6.49759101868 0.00365686416626 0.00393915176392 0.00155997276306 6.47638201714 0.0 0.0 0.0 0.0 0.0 0.0 0.0 0.0}
replayTaskStats dff initialization__ACQ_2 {0.04 0.01 6.08 0.64 1 6.72194814682 engnx02a.utdallas.edu 1731529159.85 1731529166.58 1 0.0296008586884 6.68981599808 0.00387597084045 0.00409483909607 0.00153493881226 6.66826605797 0.0 0.0 0.0 0.0 0.0 0.0 0.0 0.0}
replayTaskStats dff initialization__ACQ_3 {0.05 0.01 6.03 0.64 1 6.67929506302 engnx02a.utdallas.edu 1731529166.58 1731529173.26 1 0.0313420295715 6.64546179771 0.00375413894653 0.00393104553223 0.00142693519592 6.62436509132 0.0 0.0 0.0 0.0 0.0 0.0 0.0 0.0}
replayTaskStats dff leakage_power__ACQ_1 {0.13 0.03 17.96 1.87 1 19.8454611301 engnx02a.utdallas.edu 1731529336.77 1731529356.62 1 0.0291631221771 6.70399999619 0.00187206268311 0.00546717643738 0.00174188613892 19.6876149178 0.0 0.0 0.0 0.0 0.0 0.0 0.0 0.0}
replayTaskStats dff leakage_power__ACQ_1 {0.13 0.03 17.96 1.87 1 19.8459510803 engnx02a.utdallas.edu 1731529336.77 1731529356.62 1 0.0291631221771 6.70399999619 0.00187206268311 0.00546717643738 0.00174188613892 19.6876149178 0.0 0.0 0.0 0.0 0.0 0.0 0.0 0.0}
replayTaskStats dff leakage_power__ACQ_1 {0.13 0.03 17.96 1.87 1 19.8464329243 engnx02a.utdallas.edu 1731529336.77 1731529356.62 1 0.0291631221771 6.70399999619 0.00187206268311 0.00546717643738 0.00174188613892 19.6876149178 0.0 0.0 0.0 0.0 0.0 0.0 0.0 0.0}
replayTaskStats dff Cin__D__hl__ACQ_1 {0.05 0.01 6.01 0.65 1 6.6758210659 engnx02a.utdallas.edu 1731529356.62 1731529363.29 1 0.038948059082 6.63430213928 0.00217318534851 0.00411605834961 0.000692844390869 6.6151330471 0.0 0.0 0.0 0.0 0.0 0.0 0.0 0.0}
replayTaskStats dff Cin__D__lh__ACQ_1 {0.05 0.0 5.77 0.66 1 6.42333912849 engnx02a.utdallas.edu 1731529363.29 1731529369.72 1 0.0328168869019 6.38801217079 0.00186800956726 0.004075050354 0.000699996948242 6.36949205399 0.0 0.0 0.0 0.0 0.0 0.0 0.0 0.0}
replayTaskStats dff Cin__VSS__hl__ACQ_1 {0.04 0.01 6.1 0.65 1 6.75470900536 engnx02a.utdallas.edu 1731529369.72 1731529376.47 1 0.0321300029755 6.7199280262 0.00186085700989 0.00412201881409 0.000685930252075 6.70168614388 0.0 0.0 0.0 0.0 0.0 0.0 0.0 0.0}
replayTaskStats dff Cin__VSS__lh__ACQ_1 {0.05 0.01 6.01 0.67 1 6.69702386856 engnx02a.utdallas.edu 1731529376.47 1731529383.17 1 0.0316760540009 6.6628279686 0.00223422050476 0.00419688224792 0.000657081604004 6.64130711555 0.0 0.0 0.0 0.0 0.0 0.0 0.0 0.0}
replayTaskStats dff Cin__CLK__lh__ACQ_1 {0.05 0.0 6.07 0.68 1 6.74688220024 engnx02a.utdallas.edu 1731529383.17 1731529389.92 1 0.0329821109772 6.71138811111 0.00195407867432 0.00413584709167 0.000651121139526 6.69317007065 0.0 0.0 0.0 0.0 0.0 0.0 0.0 0.0}
replayTaskStats dff Cin__VDD__hl__ACQ_1 {0.04 0.01 5.99 0.64 1 6.64212703705 engnx02a.utdallas.edu 1731529389.92 1731529396.56 1 0.0423948764801 6.59705591202 0.00193095207214 0.00436091423035 0.000720977783203 6.57748317719 0.0 0.0 0.0 0.0 0.0 0.0 0.0 0.0}
replayTaskStats dff Cin__VDD__lh__ACQ_1 {0.05 0.01 6.01 0.7 1 6.71742606163 engnx02a.utdallas.edu 1731529396.56 1731529403.28 1 0.0319840908051 6.68283200264 0.0018150806427 0.00387001037598 0.000648975372314 6.66520905495 0.0 0.0 0.0 0.0 0.0 0.0 0.0 0.0}
replayTaskStats dff Cin__R__hl__ACQ_1 {0.05 0.0 6.13 0.68 1 6.80204415321 engnx02a.utdallas.edu 1731529403.28 1731529410.08 1 0.0318820476532 6.76763701439 0.00187206268311 0.00388503074646 0.000643014907837 6.75018501282 0.0 0.0 0.0 0.0 0.0 0.0 0.0 0.0}
replayTaskStats dff initialization__ACQ_7 {0.1 0.01 5.8 0.72 1 6.65700888634 engnx02a.utdallas.edu 1731530149.76 1731530156.42 1 0.0719728469849 6.5815911293 0.00397396087646 0.00558996200562 0.00173497200012 6.46424078941 0.0 0.0 0.0 0.0 0.0 0.0 0.0 0.0}
replayTaskStats dff initialization__ACQ_6 {0.05 0.0 5.79 0.7 1 6.48730015755 engnx02a.utdallas.edu 1731530156.42 1731530162.91 1 0.0319230556488 6.45290112495 0.00387907028198 0.00525307655334 0.00151610374451 6.43004918098 0.0 0.0 0.0 0.0 0.0 0.0 0.0 0.0}
replayTaskStats dff initialization__ACQ_4 {0.04 0.01 5.83 0.66 1 6.48667001724 engnx02a.utdallas.edu 1731530162.91 1731530169.39 1 0.0265400409698 6.45734906197 0.00392913818359 0.00555801391602 0.00152087211609 6.4349668026 0.0 0.0 0.0 0.0 0.0 0.0 0.0 0.0}
replayTaskStats dff initialization__ACQ_5 {0.07 0.01 5.84 0.67 1 6.53329801559 engnx02a.utdallas.edu 1731530169.39 1731530175.93 1 0.0516498088837 6.47881793976 0.00375509262085 0.00499892234802 0.00152802467346 6.45589613914 0.0 0.0 0.0 0.0 0.0 0.0 0.0 0.0}
replayTaskStats dff initialization__ACQ_1 {0.04 0.01 5.94 0.63 1 6.57393193245 engnx02a.utdallas.edu 1731530199.4 1731530205.98 1 0.0269069671631 6.54380607605 0.00448608398438 0.00552082061768 0.002121925354 6.51883292198 0.0 0.0 0.0 0.0 0.0 0.0 0.0 0.0}
replayTaskStats dff initialization__ACQ_2 {0.05 0.01 5.9 0.66 1 6.89343690872 engnx02a.utdallas.edu 1731530205.98 1731530212.87 1 0.0334520339966 6.85702204704 0.0041139125824 0.00496912002563 0.00140905380249 6.50492596626 0.0 0.0 0.0 0.0 0.0 0.0 0.0 0.0}
replayTaskStats dff initialization__ACQ_3 {0.04 0.0 5.82 0.64 1 6.45946097374 engnx02a.utdallas.edu 1731530212.87 1731530219.33 1 0.0278248786926 6.42902708054 0.00376319885254 0.0047709941864 0.00139307975769 6.40825796127 0.0 0.0 0.0 0.0 0.0 0.0 0.0 0.0}
replayTaskStats dff leakage_power__ACQ_1 {0.13 0.02 17.81 1.92 1 19.7411179543 engnx02a.utdallas.edu 1731530381.26 1731530401.0 1 0.0287828445435 6.80139613152 0.00430607795715 0.00549006462097 0.00241184234619 19.5804841518 0.0 0.0 0.0 0.0 0.0 0.0 0.0 0.0}
replayTaskStats dff leakage_power__ACQ_1 {0.13 0.02 17.81 1.92 1 19.7416288853 engnx02a.utdallas.edu 1731530381.26 1731530401.0 1 0.0287828445435 6.80139613152 0.00430607795715 0.00549006462097 0.00241184234619 19.5804841518 0.0 0.0 0.0 0.0 0.0 0.0 0.0 0.0}
replayTaskStats dff leakage_power__ACQ_1 {0.13 0.02 17.81 1.92 1 19.7421238422 engnx02a.utdallas.edu 1731530381.26 1731530401.0 1 0.0287828445435 6.80139613152 0.00430607795715 0.00549006462097 0.00241184234619 19.5804841518 0.0 0.0 0.0 0.0 0.0 0.0 0.0 0.0}
replayTaskStats dff Cin__D__hl__ACQ_1 {0.05 0.01 6.01 0.67 1 6.72590208054 engnx02a.utdallas.edu 1731530401.01 1731530407.73 1 0.0351729393005 6.68799901009 0.00200915336609 0.00503611564636 0.000706911087036 6.66815900803 0.0 0.0 0.0 0.0 0.0 0.0 0.0 0.0}
replayTaskStats dff Cin__D__lh__ACQ_1 {0.05 0.0 6.11 0.64 1 6.75641489029 engnx02a.utdallas.edu 1731530407.73 1731530414.49 1 0.0317599773407 6.72203588486 0.00203108787537 0.00495791435242 0.000694036483765 6.70251703262 0.0 0.0 0.0 0.0 0.0 0.0 0.0 0.0}
replayTaskStats dff Cin__VSS__hl__ACQ_1 {0.04 0.02 5.9 0.65 1 6.5459651947 engnx02a.utdallas.edu 1731530414.49 1731530421.03 1 0.0400419235229 6.50325989723 0.0019690990448 0.00485610961914 0.00070595741272 6.48327422142 0.0 0.0 0.0 0.0 0.0 0.0 0.0 0.0}
replayTaskStats dff Cin__VSS__lh__ACQ_1 {0.04 0.01 6.06 0.65 1 6.70985102654 engnx02a.utdallas.edu 1731530421.04 1731530427.74 1 0.0299828052521 6.67727780342 0.00182390213013 0.00480198860168 0.000684022903442 6.65884804726 0.0 0.0 0.0 0.0 0.0 0.0 0.0 0.0}
replayTaskStats dff Cin__CLK__lh__ACQ_1 {0.05 0.01 5.91 0.64 1 6.55945396423 engnx02a.utdallas.edu 1731530427.75 1731530434.3 1 0.0345509052277 6.52235007286 0.00212502479553 0.00513505935669 0.000722885131836 6.50041103363 0.0 0.0 0.0 0.0 0.0 0.0 0.0 0.0}
replayTaskStats dff Cin__VDD__hl__ACQ_1 {0.05 0.01 5.95 0.63 1 6.58596587181 engnx02a.utdallas.edu 1731530434.31 1731530440.89 1 0.031711101532 6.55159187317 0.00198793411255 0.00513887405396 0.000738143920898 6.53142499924 0.0 0.0 0.0 0.0 0.0 0.0 0.0 0.0}
replayTaskStats dff Cin__VDD__lh__ACQ_1 {0.04 0.01 5.92 0.67 1 6.58781218529 engnx02a.utdallas.edu 1731530440.89 1731530447.48 1 0.0330879688263 6.55207300186 0.0021059513092 0.00501108169556 0.000720024108887 6.53152799606 0.0 0.0 0.0 0.0 0.0 0.0 0.0 0.0}
replayTaskStats dff Cin__R__hl__ACQ_1 {0.05 0.01 5.97 0.67 1 6.63701701164 engnx02a.utdallas.edu 1731530447.48 1731530454.12 1 0.0325720310211 6.60189008713 0.00207495689392 0.00486993789673 0.000687122344971 6.58232188225 0.0 0.0 0.0 0.0 0.0 0.0 0.0 0.0}
replayTaskStats dff configure {0.25 0.01 0.02 0.02 1 0.393937110901 engnx02a.utdallas.edu 1731530662.81 1731530663.2 1}
replayTaskStats dff configure {0.28 0.01 0.02 0.03 1 0.406064987183 engnx02a.utdallas.edu 1731530744.95 1731530745.36 1}
replayTaskStats dff configure {0.26 0.03 0.01 0.03 1 0.397778987885 engnx02a.utdallas.edu 1731531438.11 1731531438.5 1}
replayTaskStats dff initialization__ACQ_7 {0.09 0.02 5.91 0.67 1 6.72229886055 engnx02a.utdallas.edu 1731531471.5 1731531478.23 1 0.0675191879272 6.65160298347 0.00404810905457 0.00511002540588 0.00159502029419 6.53293013573 0.0 0.0 0.0 0.0 0.0 0.0 0.0 0.0}
replayTaskStats dff initialization__ACQ_6 {0.04 0.01 5.93 0.63 1 6.56981801987 engnx02a.utdallas.edu 1731531478.23 1731531484.8 1 0.0272810459137 6.540102005 0.00358986854553 0.0046010017395 0.00139093399048 6.51962018013 0.0 0.0 0.0 0.0 0.0 0.0 0.0 0.0}
replayTaskStats dff initialization__ACQ_4 {0.03 0.01 5.93 0.65 1 6.56908011436 engnx02a.utdallas.edu 1731531484.8 1731531491.37 1 0.0257141590118 6.5408949852 0.00398206710815 0.00510215759277 0.00133895874023 6.51957297325 0.0 0.0 0.0 0.0 0.0 0.0 0.0 0.0}
replayTaskStats dff initialization__ACQ_5 {0.06 0.0 5.77 0.64 1 6.41108512878 engnx02a.utdallas.edu 1731531491.37 1731531497.78 1 0.0412120819092 6.3672721386 0.0036940574646 0.00493288040161 0.00137591362 6.34575605392 0.0 0.0 0.0 0.0 0.0 0.0 0.0 0.0}
replayTaskStats dff removal_hbm__R__hl__CLK__hl__ACQ_1 {0.05 0.01 9.57 0.74 1 10.3343322277 engnx02a.utdallas.edu 1731531497.78 1731531508.11 1 0.0380470752716 10.2938709259 0.00193095207214 0.00444602966309 0.00168108940125 10.2712030411 0.0 0.0 0.0 0.0 0.0 0.0 0.0 0.0}
replayTaskStats dff recover_hbm__R__hl__CLK__hl__ACQ_1 {0.07 0.01 10.16 0.71 1 10.8909227848 engnx02a.utdallas.edu 1731531508.11 1731531519.01 1 0.0452878475189 10.8430519104 0.00211215019226 0.00441813468933 0.00176119804382 10.818253994 0.0 0.0 0.0 0.0 0.0 0.0 0.0 0.0}
replayTaskStats dff initialization__ACQ_1 {0.04 0.0 5.73 0.64 1 6.36829018593 engnx02a.utdallas.edu 1731531519.01 1731531525.37 1 0.0263779163361 6.33945894241 0.003741979599 0.00470113754272 0.00134706497192 6.31912899017 0.0 0.0 0.0 0.0 0.0 0.0 0.0 0.0}
replayTaskStats dff initialization__ACQ_2 {0.04 0.01 5.91 0.66 1 6.55986905098 engnx02a.utdallas.edu 1731531525.38 1731531531.94 1 0.0275390148163 6.52990007401 0.00367999076843 0.00463604927063 0.0013689994812 6.50936079025 0.0 0.0 0.0 0.0 0.0 0.0 0.0 0.0}
replayTaskStats dff initialization__ACQ_3 {0.04 0.0 5.98 0.64 1 6.61950397491 engnx02a.utdallas.edu 1731531531.94 1731531538.56 1 0.0270569324493 6.59005284309 0.00379800796509 0.00488090515137 0.00134086608887 6.56927895546 0.0 0.0 0.0 0.0 0.0 0.0 0.0 0.0}
replayTaskStats dff setup_hbm__D__lh__CLK__hl__ACQ_1 {0.06 0.01 10.3 0.74 1 11.0758481026 engnx02a.utdallas.edu 1731531538.56 1731531549.63 1 0.039783000946 11.0336360931 0.00202584266663 0.00415706634521 0.00165200233459 11.0094439983 0.0 0.0 0.0 0.0 0.0 0.0 0.0 0.0}
replayTaskStats dff setup_hbm__D__hl__CLK__hl__ACQ_1 {0.05 0.01 11.91 0.75 1 12.6626551151 engnx02a.utdallas.edu 1731531549.63 1731531562.3 1 0.038507938385 12.6216711998 0.00212216377258 0.00422096252441 0.00162982940674 12.5969009399 0.0 0.0 0.0 0.0 0.0 0.0 0.0 0.0}
replayTaskStats dff ncmpw_hbm__CLK__lh__CLK__hl__ACQ_1 {0.05 0.0 6.59 0.68 1 7.28021192551 engnx02a.utdallas.edu 1731531562.3 1731531569.58 1 0.0346088409424 7.24301815033 0.00195002555847 0.00415301322937 0.00129389762878 7.2215950489 0.0 0.0 0.0 0.0 0.0 0.0 0.0 0.0}
replayTaskStats dff cmpw_hbm__CLK__hl__CLK__lh__ACQ_1 {0.05 0.0 6.53 0.64 1 7.16626787186 engnx02a.utdallas.edu 1731531569.58 1731531576.74 1 0.0329391956329 7.13089680672 0.00198602676392 0.00390601158142 0.0012731552124 7.10983800888 0.0 0.0 0.0 0.0 0.0 0.0 0.0 0.0}
replayTaskStats dff hold_hbm__D__hl__CLK__hl__ACQ_1 {0.06 0.0 10.11 0.73 1 10.8694558144 engnx02a.utdallas.edu 1731531576.74 1731531587.61 1 0.0391461849213 10.8278899193 0.00192594528198 0.00420594215393 0.00163984298706 10.8048229218 0.0 0.0 0.0 0.0 0.0 0.0 0.0 0.0}
replayTaskStats dff cmpw_hbm__R__lh__R__hl__ACQ_1 {0.05 0.0 6.45 0.64 1 7.10471200943 engnx02a.utdallas.edu 1731531587.61 1731531594.72 1 0.033035993576 7.06918287277 0.00200200080872 0.00423502922058 0.00126004219055 7.04774188995 0.0 0.0 0.0 0.0 0.0 0.0 0.0 0.0}
replayTaskStats dff hold_hbm__D__lh__CLK__hl__ACQ_1 {0.05 0.01 10.04 0.69 1 10.7531459332 engnx02a.utdallas.edu 1731531594.72 1731531605.47 1 0.0397350788116 10.710958004 0.00199794769287 0.00455689430237 0.00169205665588 10.6861209869 0.0 0.0 0.0 0.0 0.0 0.0 0.0 0.0}
replayTaskStats dff delay__CLK__hl__Q__lh__ACQ_1 {0.06 0.01 6.91 0.68 1 7.62053799629 engnx02a.utdallas.edu 1731531605.47 1731531613.09 1 0.0367810726166 7.58131194115 0.00212407112122 0.00561714172363 0.000641822814941 7.55710697174 0.0 0.0 0.0 0.0 0.0 0.0 0.0 0.0}
replayTaskStats dff delay__R__lh__Q__hl__ACQ_1 {0.06 0.0 6.74 0.69 1 7.43443608284 engnx02a.utdallas.edu 1731531613.09 1731531620.53 1 0.0382180213928 7.39374685287 0.00199007987976 0.00536894798279 0.000627040863037 7.36976718903 0.0 0.0 0.0 0.0 0.0 0.0 0.0 0.0}
replayTaskStats dff delay__CLK__hl__Q__hl__ACQ_1 {0.06 0.01 6.72 0.7 1 7.43757009506 engnx02a.utdallas.edu 1731531620.53 1731531627.97 1 0.0378940105438 7.39715099335 0.00222516059875 0.00577902793884 0.00063681602478 7.37226700783 0.0 0.0 0.0 0.0 0.0 0.0 0.0 0.0}
replayTaskStats dff leakage_power__ACQ_1 {0.43 0.07 62.9 6.52 1 69.4149959087 engnx02a.utdallas.edu 1731531627.97 1731531697.38 1 0.0263559818268 7.51245212555 0.00191903114319 0.00492095947266 0.00161290168762 68.8965775967 0.0 0.0 0.0 0.0 0.0 0.0 0.0 0.0}
replayTaskStats dff leakage_power__ACQ_1 {0.43 0.07 62.9 6.52 1 69.4154720306 engnx02a.utdallas.edu 1731531627.97 1731531697.38 1 0.0263559818268 7.51245212555 0.00191903114319 0.00492095947266 0.00161290168762 68.8965775967 0.0 0.0 0.0 0.0 0.0 0.0 0.0 0.0}
replayTaskStats dff leakage_power__ACQ_1 {0.43 0.07 62.9 6.52 1 69.4159460068 engnx02a.utdallas.edu 1731531627.97 1731531697.38 1 0.0263559818268 7.51245212555 0.00191903114319 0.00492095947266 0.00161290168762 68.8965775967 0.0 0.0 0.0 0.0 0.0 0.0 0.0 0.0}
replayTaskStats dff leakage_power__ACQ_1 {0.43 0.07 62.9 6.52 1 69.4164118767 engnx02a.utdallas.edu 1731531627.97 1731531697.38 1 0.0263559818268 7.51245212555 0.00191903114319 0.00492095947266 0.00161290168762 68.8965775967 0.0 0.0 0.0 0.0 0.0 0.0 0.0 0.0}
replayTaskStats dff leakage_power__ACQ_1 {0.43 0.07 62.9 6.52 1 69.4168848991 engnx02a.utdallas.edu 1731531627.97 1731531697.39 1 0.0263559818268 7.51245212555 0.00191903114319 0.00492095947266 0.00161290168762 68.8965775967 0.0 0.0 0.0 0.0 0.0 0.0 0.0 0.0}
replayTaskStats dff leakage_power__ACQ_1 {0.43 0.07 62.9 6.52 1 69.4173488617 engnx02a.utdallas.edu 1731531627.97 1731531697.39 1 0.0263559818268 7.51245212555 0.00191903114319 0.00492095947266 0.00161290168762 68.8965775967 0.0 0.0 0.0 0.0 0.0 0.0 0.0 0.0}
replayTaskStats dff leakage_power__ACQ_1 {0.44 0.07 62.9 6.52 1 69.4178199768 engnx02a.utdallas.edu 1731531627.97 1731531697.39 1 0.0263559818268 7.51245212555 0.00191903114319 0.00492095947266 0.00161290168762 68.8965775967 0.0 0.0 0.0 0.0 0.0 0.0 0.0 0.0}
replayTaskStats dff leakage_power__ACQ_1 {0.44 0.07 62.9 6.52 1 69.4182839394 engnx02a.utdallas.edu 1731531627.97 1731531697.39 1 0.0263559818268 7.51245212555 0.00191903114319 0.00492095947266 0.00161290168762 68.8965775967 0.0 0.0 0.0 0.0 0.0 0.0 0.0 0.0}
replayTaskStats dff leakage_power__ACQ_1 {0.44 0.07 62.9 6.52 1 69.4187409878 engnx02a.utdallas.edu 1731531627.97 1731531697.39 1 0.0263559818268 7.51245212555 0.00191903114319 0.00492095947266 0.00161290168762 68.8965775967 0.0 0.0 0.0 0.0 0.0 0.0 0.0 0.0}
replayTaskStats dff leakage_power__ACQ_1 {0.44 0.07 62.9 6.52 1 69.419230938 engnx02a.utdallas.edu 1731531627.97 1731531697.39 1 0.0263559818268 7.51245212555 0.00191903114319 0.00492095947266 0.00161290168762 68.8965775967 0.0 0.0 0.0 0.0 0.0 0.0 0.0 0.0}
replayTaskStats dff Cin__D__hl__ACQ_1 {0.05 0.0 5.95 0.65 1 6.6014008522 engnx02a.utdallas.edu 1731531697.39 1731531703.99 1 0.0347599983215 6.56406784058 0.00198006629944 0.00489497184753 0.00062894821167 6.54545712471 0.0 0.0 0.0 0.0 0.0 0.0 0.0 0.0}
replayTaskStats dff Cin__D__lh__ACQ_1 {0.04 0.01 6.07 0.66 1 6.72828412056 engnx02a.utdallas.edu 1731531703.99 1731531710.72 1 0.0302181243896 6.6956179142 0.00197982788086 0.00527286529541 0.000637054443359 6.6768989563 0.0 0.0 0.0 0.0 0.0 0.0 0.0 0.0}
replayTaskStats dff Cin__VSS__hl__ACQ_1 {0.04 0.0 5.94 0.64 1 6.58429193497 engnx02a.utdallas.edu 1731531710.72 1731531717.3 1 0.0316281318665 6.55021309853 0.00220894813538 0.00479316711426 0.000633955001831 6.53171300888 0.0 0.0 0.0 0.0 0.0 0.0 0.0 0.0}
replayTaskStats dff Cin__VSS__lh__ACQ_1 {0.05 0.01 6.06 0.65 1 6.70944499969 engnx02a.utdallas.edu 1731531717.3 1731531724.01 1 0.0322699546814 6.67470383644 0.00194096565247 0.00486588478088 0.000634908676147 6.65641689301 0.0 0.0 0.0 0.0 0.0 0.0 0.0 0.0}
replayTaskStats dff Cin__CLK__lh__ACQ_1 {0.04 0.01 6.16 0.66 1 6.81925606728 engnx02a.utdallas.edu 1731531724.02 1731531730.83 1 0.0302178859711 6.78658819199 0.00203800201416 0.00479102134705 0.00062894821167 6.76835012436 0.0 0.0 0.0 0.0 0.0 0.0 0.0 0.0}
replayTaskStats dff Cin__VDD__hl__ACQ_1 {0.04 0.01 5.97 0.62 1 6.59939289093 engnx02a.utdallas.edu 1731531730.83 1731531737.43 1 0.0311789512634 6.56576991081 0.00206899642944 0.00495600700378 0.00064492225647 6.54681396484 0.0 0.0 0.0 0.0 0.0 0.0 0.0 0.0}
replayTaskStats dff Cin__VDD__lh__ACQ_1 {0.04 0.01 6.26 0.66 1 6.91626095772 engnx02a.utdallas.edu 1731531737.44 1731531744.35 1 0.0299859046936 6.88381099701 0.00193190574646 0.00502705574036 0.000628232955933 6.86536502838 0.0 0.0 0.0 0.0 0.0 0.0 0.0 0.0}
replayTaskStats dff Cin__R__hl__ACQ_1 {0.05 0.0 5.92 0.65 1 6.5612950325 engnx02a.utdallas.edu 1731531744.35 1731531750.91 1 0.0311090946198 6.52773594856 0.0022280216217 0.00489711761475 0.000667095184326 6.50870013237 0.0 0.0 0.0 0.0 0.0 0.0 0.0 0.0}
replayTaskStats dff modeling {0.24 0.01 0.0 0.0 1 0.280224084854 engnx02a.utdallas.edu 1731531798.05 1731531798.33 1}
replayTaskStats dff configure {0.27 0.03 0.01 0.02 1 0.438215017319 engnx02a.utdallas.edu 1733457650.82 1733457651.26 1}
replayTaskStats dff initialization__ACQ_7 {0.09 0.0 6.26 0.76 1 7.20973014832 engnx02a.utdallas.edu 1733457658.34 1733457665.55 1 0.0807290077209 7.12591695786 0.00398302078247 0.00502800941467 0.00156402587891 7.00956392288 0.0 0.0 0.0 0.0 0.0 0.0 0.0 0.0}
replayTaskStats dff initialization__ACQ_6 {0.04 0.01 5.98 0.68 1 6.67765378952 engnx02a.utdallas.edu 1733457665.55 1733457672.23 1 0.0410339832306 6.63425087929 0.00374913215637 0.021842956543 0.00135803222656 6.59663200378 0.0 0.0 0.0 0.0 0.0 0.0 0.0 0.0}
replayTaskStats dff initialization__ACQ_4 {0.04 0.0 5.91 0.67 1 6.66350102425 engnx02a.utdallas.edu 1733457672.23 1733457678.9 1 0.0764849185944 6.58463096619 0.00419497489929 0.0223479270935 0.00135278701782 6.54631495476 0.0 0.0 0.0 0.0 0.0 0.0 0.0 0.0}
replayTaskStats dff initialization__ACQ_5 {0.06 0.01 5.77 0.69 1 6.49582600594 engnx02a.utdallas.edu 1733457678.9 1733457685.39 1 0.0627219676971 6.43067908287 0.00367212295532 0.00495004653931 0.00136184692383 6.4094119072 0.0 0.0 0.0 0.0 0.0 0.0 0.0 0.0}
replayTaskStats dff removal_hbm__R__hl__CLK__hl__ACQ_1 {0.05 0.01 9.6 0.76 1 10.3894870281 engnx02a.utdallas.edu 1733457685.39 1733457695.78 1 0.0574100017548 10.3296589851 0.00204396247864 0.00501990318298 0.00170803070068 10.3062560558 0.0 0.0 0.0 0.0 0.0 0.0 0.0 0.0}
replayTaskStats dff recover_hbm__R__hl__CLK__hl__ACQ_1 {0.07 0.0 10.46 0.81 1 11.4367070198 engnx02a.utdallas.edu 1733457695.78 1733457707.22 1 0.0616450309753 11.3726010323 0.00209093093872 0.00574803352356 0.00173091888428 11.3463170528 0.0 0.0 0.0 0.0 0.0 0.0 0.0 0.0}
replayTaskStats dff initialization__ACQ_1 {0.03 0.01 5.95 0.71 1 6.68402600288 engnx02a.utdallas.edu 1733457707.22 1733457713.9 1 0.0469391345978 6.63448286057 0.0040431022644 0.00510287284851 0.00140595436096 6.61304092407 0.0 0.0 0.0 0.0 0.0 0.0 0.0 0.0}
replayTaskStats dff initialization__ACQ_2 {0.04 0.01 5.9 0.69 1 6.60682010651 engnx02a.utdallas.edu 1733457713.9 1733457720.51 1 0.0487461090088 6.55567502975 0.00370812416077 0.0057098865509 0.00144004821777 6.53333210945 0.0 0.0 0.0 0.0 0.0 0.0 0.0 0.0}
replayTaskStats dff initialization__ACQ_3 {0.05 0.0 6.0 0.67 1 6.67873597145 engnx02a.utdallas.edu 1733457720.51 1733457727.19 1 0.0385658740997 6.63779187202 0.00372982025146 0.00492906570435 0.00139808654785 6.61608409882 0.0 0.0 0.0 0.0 0.0 0.0 0.0 0.0}
replayTaskStats dff setup_hbm__D__lh__CLK__hl__ACQ_1 {0.06 0.01 10.26 0.76 1 11.0938961506 engnx02a.utdallas.edu 1733457727.19 1733457738.29 1 0.0729060173035 11.0186109543 0.00227499008179 0.0233728885651 0.00163388252258 10.9562399387 0.0 0.0 0.0 0.0 0.0 0.0 0.0 0.0}
replayTaskStats dff setup_hbm__D__hl__CLK__hl__ACQ_1 {0.06 0.01 10.49 0.77 1 11.310281992 engnx02a.utdallas.edu 1733457738.29 1733457749.6 1 0.0771021842957 11.230670929 0.00231289863586 0.00579190254211 0.00163793563843 11.2037250996 0.0 0.0 0.0 0.0 0.0 0.0 0.0 0.0}
replayTaskStats dff ncmpw_hbm__CLK__lh__CLK__hl__ACQ_1 {0.05 0.0 6.56 0.66 1 7.27839493752 engnx02a.utdallas.edu 1733457749.6 1733457756.88 1 0.0558710098267 7.22007107735 0.00195789337158 0.00541114807129 0.00128388404846 7.17399191856 0.0 0.0 0.0 0.0 0.0 0.0 0.0 0.0}
replayTaskStats dff cmpw_hbm__CLK__hl__CLK__lh__ACQ_1 {0.05 0.01 6.54 0.68 1 7.32905888557 engnx02a.utdallas.edu 1733457756.88 1733457764.21 1 0.0473749637604 7.27923798561 0.00198912620544 0.0589249134064 0.00127100944519 7.16131210327 0.0 0.0 0.0 0.0 0.0 0.0 0.0 0.0}
replayTaskStats dff hold_hbm__D__hl__CLK__hl__ACQ_1 {0.06 0.0 10.06 0.77 1 10.8588418961 engnx02a.utdallas.edu 1733457764.21 1733457775.06 1 0.0552279949188 10.8010158539 0.00210118293762 0.00542902946472 0.00166487693787 10.7763140202 0.0 0.0 0.0 0.0 0.0 0.0 0.0 0.0}
replayTaskStats dff cmpw_hbm__R__lh__R__hl__ACQ_1 {0.05 0.01 6.44 0.67 1 7.14407706261 engnx02a.utdallas.edu 1733457775.07 1733457782.21 1 0.0566828250885 7.0845849514 0.00220704078674 0.0051372051239 0.00129699707031 7.06001186371 0.0 0.0 0.0 0.0 0.0 0.0 0.0 0.0}
replayTaskStats dff hold_hbm__D__lh__CLK__hl__ACQ_1 {0.06 0.01 10.01 0.78 1 10.8199620247 engnx02a.utdallas.edu 1733457782.21 1733457793.03 1 0.0536348819733 10.7638549805 0.00236296653748 0.00554609298706 0.00207686424255 10.7356729507 0.0 0.0 0.0 0.0 0.0 0.0 0.0 0.0}
replayTaskStats dff delay__CLK__hl__Q__lh__ACQ_1 {0.06 0.0 6.6 0.7 1 7.32690691948 engnx02a.utdallas.edu 1733457793.03 1733457800.36 1 0.0642440319061 7.26012301445 0.00217890739441 0.00663995742798 0.000632047653198 7.23484492302 0.0 0.0 0.0 0.0 0.0 0.0 0.0 0.0}
replayTaskStats dff delay__CLK__hl__Q__hl__ACQ_1 {0.05 0.0 6.57 0.67 1 7.25580000877 engnx02a.utdallas.edu 1733457807.74 1733457815.0 1 0.0471110343933 7.20621418953 0.00227499008179 0.00724697113037 0.000623941421509 7.18035292625 0.0 0.0 0.0 0.0 0.0 0.0 0.0 0.0}
replayTaskStats dff delay__R__lh__Q__hl__ACQ_1 {0.06 0.01 6.69 0.67 1 7.38377809525 engnx02a.utdallas.edu 1733457800.36 1733457807.74 1 0.051451921463 7.32991504669 0.00184011459351 0.00617718696594 0.000627040863037 7.30533885956 0.0 0.0 0.0 0.0 0.0 0.0 0.0 0.0}
replayTaskStats dff leakage_power__ACQ_1 {0.48 0.07 63.26 6.83 1 70.1301259995 engnx02a.utdallas.edu 1733457815.0 1733457885.13 1 0.0266060829163 7.41807603836 0.00217485427856 0.00492119789124 0.00181579589844 69.5419237614 0.0 0.0 0.0 0.0 0.0 0.0 0.0 0.0}
replayTaskStats dff leakage_power__ACQ_1 {0.48 0.07 63.26 6.83 1 70.1305987835 engnx02a.utdallas.edu 1733457815.0 1733457885.13 1 0.0266060829163 7.41807603836 0.00217485427856 0.00492119789124 0.00181579589844 69.5419237614 0.0 0.0 0.0 0.0 0.0 0.0 0.0 0.0}
replayTaskStats dff leakage_power__ACQ_1 {0.48 0.07 63.26 6.83 1 70.1310617924 engnx02a.utdallas.edu 1733457815.0 1733457885.13 1 0.0266060829163 7.41807603836 0.00217485427856 0.00492119789124 0.00181579589844 69.5419237614 0.0 0.0 0.0 0.0 0.0 0.0 0.0 0.0}
replayTaskStats dff leakage_power__ACQ_1 {0.48 0.07 63.26 6.83 1 70.1315279007 engnx02a.utdallas.edu 1733457815.0 1733457885.13 1 0.0266060829163 7.41807603836 0.00217485427856 0.00492119789124 0.00181579589844 69.5419237614 0.0 0.0 0.0 0.0 0.0 0.0 0.0 0.0}
replayTaskStats dff leakage_power__ACQ_1 {0.48 0.07 63.26 6.83 1 70.1319899559 engnx02a.utdallas.edu 1733457815.0 1733457885.13 1 0.0266060829163 7.41807603836 0.00217485427856 0.00492119789124 0.00181579589844 69.5419237614 0.0 0.0 0.0 0.0 0.0 0.0 0.0 0.0}
replayTaskStats dff leakage_power__ACQ_1 {0.48 0.07 63.26 6.83 1 70.1324529648 engnx02a.utdallas.edu 1733457815.0 1733457885.13 1 0.0266060829163 7.41807603836 0.00217485427856 0.00492119789124 0.00181579589844 69.5419237614 0.0 0.0 0.0 0.0 0.0 0.0 0.0 0.0}
replayTaskStats dff leakage_power__ACQ_1 {0.48 0.07 63.26 6.83 1 70.1329128742 engnx02a.utdallas.edu 1733457815.0 1733457885.13 1 0.0266060829163 7.41807603836 0.00217485427856 0.00492119789124 0.00181579589844 69.5419237614 0.0 0.0 0.0 0.0 0.0 0.0 0.0 0.0}
replayTaskStats dff leakage_power__ACQ_1 {0.48 0.07 63.26 6.83 1 70.1333777905 engnx02a.utdallas.edu 1733457815.0 1733457885.13 1 0.0266060829163 7.41807603836 0.00217485427856 0.00492119789124 0.00181579589844 69.5419237614 0.0 0.0 0.0 0.0 0.0 0.0 0.0 0.0}
replayTaskStats dff leakage_power__ACQ_1 {0.48 0.07 63.26 6.83 1 70.1338348389 engnx02a.utdallas.edu 1733457815.0 1733457885.13 1 0.0266060829163 7.41807603836 0.00217485427856 0.00492119789124 0.00181579589844 69.5419237614 0.0 0.0 0.0 0.0 0.0 0.0 0.0 0.0}
replayTaskStats dff leakage_power__ACQ_1 {0.48 0.07 63.26 6.83 1 70.1342909336 engnx02a.utdallas.edu 1733457815.0 1733457885.13 1 0.0266060829163 7.41807603836 0.00217485427856 0.00492119789124 0.00181579589844 69.5419237614 0.0 0.0 0.0 0.0 0.0 0.0 0.0 0.0}
replayTaskStats dff Cin__D__hl__ACQ_1 {0.05 0.01 5.87 0.64 1 6.53160405159 engnx02a.utdallas.edu 1733457885.13 1733457891.67 1 0.0552351474762 6.47376608849 0.0019838809967 0.00458788871765 0.00062108039856 6.45560884476 0.0 0.0 0.0 0.0 0.0 0.0 0.0 0.0}
replayTaskStats dff Cin__D__lh__ACQ_1 {0.04 0.01 5.94 0.68 1 6.62672495842 engnx02a.utdallas.edu 1733457891.67 1733457898.29 1 0.049064874649 6.57521414757 0.00189113616943 0.00505089759827 0.000637054443359 6.5569601059 0.0 0.0 0.0 0.0 0.0 0.0 0.0 0.0}
replayTaskStats dff Cin__VSS__hl__ACQ_1 {0.04 0.0 6.08 0.66 1 6.76039099693 engnx02a.utdallas.edu 1733457898.29 1733457905.05 1 0.0498571395874 6.7080578804 0.00191903114319 0.00526404380798 0.000679969787598 6.68907403946 0.0 0.0 0.0 0.0 0.0 0.0 0.0 0.0}
replayTaskStats dff Cin__VSS__lh__ACQ_1 {0.05 0.01 6.1 0.67 1 6.81100606918 engnx02a.utdallas.edu 1733457905.05 1733457911.87 1 0.0603339672089 6.74820113182 0.0018949508667 0.00536203384399 0.000629186630249 6.72894001007 0.0 0.0 0.0 0.0 0.0 0.0 0.0 0.0}
replayTaskStats dff Cin__CLK__lh__ACQ_1 {0.05 0.0 6.02 0.65 1 6.69082283974 engnx02a.utdallas.edu 1733457911.87 1733457918.56 1 0.0547070503235 6.63366699219 0.00226998329163 0.00456285476685 0.000633955001831 6.61521792412 0.0 0.0 0.0 0.0 0.0 0.0 0.0 0.0}
replayTaskStats dff Cin__VDD__hl__ACQ_1 {0.04 0.01 5.9 0.71 1 6.62633109093 engnx02a.utdallas.edu 1733457918.56 1733457925.18 1 0.0541560649872 6.56970310211 0.00208592414856 0.00488710403442 0.000634908676147 6.55129909515 0.0 0.0 0.0 0.0 0.0 0.0 0.0 0.0}
replayTaskStats dff Cin__VDD__lh__ACQ_1 {0.04 0.01 6.1 0.68 1 6.79540705681 engnx02a.utdallas.edu 1733457925.18 1733457931.98 1 0.0481359958649 6.74483299255 0.00200700759888 0.00493884086609 0.000616073608398 6.72650790215 0.0 0.0 0.0 0.0 0.0 0.0 0.0 0.0}
replayTaskStats dff Cin__R__hl__ACQ_1 {0.04 0.0 5.86 0.71 1 6.58592700958 engnx02a.utdallas.edu 1733457931.98 1733457938.57 1 0.0507249832153 6.53277993202 0.00191187858582 0.00519394874573 0.00061297416687 6.51423311234 0.0 0.0 0.0 0.0 0.0 0.0 0.0 0.0}
replayTaskStats dff modeling {0.24 0.01 0.0 0.0 1 0.278917074203 engnx02a.utdallas.edu 1733458039.43 1733458039.71 1}
