replayTaskStats XOR2 configure {0.16 0.0 0.0 0.0 1 0.19087600708 engnx02a.utdallas.edu 1729740990.88 1729740991.07 1}
replayTaskStats XOR2 leakage_power__ACQ_1 {0.44 0.08 64.11 7.1 1 89.620620966 engnx02a.utdallas.edu 1729740998.92 1729741088.54 1 0.0293071269989 7.50478291512 0.00231719017029 0.005126953125 0.00172781944275 84.9543783665 0.0 0.0 0.0 0.0 0.0 0.0 0.0 0.0}
replayTaskStats XOR2 leakage_power__ACQ_1 {0.44 0.08 64.11 7.1 1 89.6211090088 engnx02a.utdallas.edu 1729740998.92 1729741088.55 1 0.0293071269989 7.50478291512 0.00231719017029 0.005126953125 0.00172781944275 84.9543783665 0.0 0.0 0.0 0.0 0.0 0.0 0.0 0.0}
replayTaskStats XOR2 leakage_power__ACQ_1 {0.44 0.08 64.11 7.1 1 89.6215748787 engnx02a.utdallas.edu 1729740998.92 1729741088.55 1 0.0293071269989 7.50478291512 0.00231719017029 0.005126953125 0.00172781944275 84.9543783665 0.0 0.0 0.0 0.0 0.0 0.0 0.0 0.0}
replayTaskStats XOR2 leakage_power__ACQ_1 {0.44 0.08 64.11 7.1 1 89.6220500469 engnx02a.utdallas.edu 1729740998.92 1729741088.55 1 0.0293071269989 7.50478291512 0.00231719017029 0.005126953125 0.00172781944275 84.9543783665 0.0 0.0 0.0 0.0 0.0 0.0 0.0 0.0}
replayTaskStats XOR2 leakage_power__ACQ_1 {0.44 0.08 64.11 7.1 1 89.6225140095 engnx02a.utdallas.edu 1729740998.92 1729741088.55 1 0.0293071269989 7.50478291512 0.00231719017029 0.005126953125 0.00172781944275 84.9543783665 0.0 0.0 0.0 0.0 0.0 0.0 0.0 0.0}
replayTaskStats XOR2 leakage_power__ACQ_1 {0.44 0.08 64.11 7.1 1 89.6229770184 engnx02a.utdallas.edu 1729740998.92 1729741088.55 1 0.0293071269989 7.50478291512 0.00231719017029 0.005126953125 0.00172781944275 84.9543783665 0.0 0.0 0.0 0.0 0.0 0.0 0.0 0.0}
replayTaskStats XOR2 leakage_power__ACQ_1 {0.44 0.08 64.11 7.1 1 89.6234328747 engnx02a.utdallas.edu 1729740998.92 1729741088.55 1 0.0293071269989 7.50478291512 0.00231719017029 0.005126953125 0.00172781944275 84.9543783665 0.0 0.0 0.0 0.0 0.0 0.0 0.0 0.0}
replayTaskStats XOR2 leakage_power__ACQ_1 {0.44 0.08 64.11 7.1 1 89.6238958836 engnx02a.utdallas.edu 1729740998.92 1729741088.55 1 0.0293071269989 7.50478291512 0.00231719017029 0.005126953125 0.00172781944275 84.9543783665 0.0 0.0 0.0 0.0 0.0 0.0 0.0 0.0}
replayTaskStats XOR2 leakage_power__ACQ_1 {0.44 0.08 64.11 7.1 1 89.6243538857 engnx02a.utdallas.edu 1729740998.92 1729741088.55 1 0.0293071269989 7.50478291512 0.00231719017029 0.005126953125 0.00172781944275 84.9543783665 0.0 0.0 0.0 0.0 0.0 0.0 0.0 0.0}
replayTaskStats XOR2 leakage_power__ACQ_1 {0.44 0.08 64.11 7.1 1 89.6248099804 engnx02a.utdallas.edu 1729740998.92 1729741088.55 1 0.0293071269989 7.50478291512 0.00231719017029 0.005126953125 0.00172781944275 84.9543783665 0.0 0.0 0.0 0.0 0.0 0.0 0.0 0.0}
replayTaskStats XOR2 delay__A__hl__OUT__hl__ACQ_1 {0.06 0.01 6.14 0.69 1 7.49545097351 engnx02a.utdallas.edu 1729741088.55 1729741096.05 1 0.0547800064087 7.43776202202 0.00203204154968 0.416830062866 0.00070595741272 6.88571000099 0.0 0.0 0.0 0.0 0.0 0.0 0.0 0.0}
replayTaskStats XOR2 delay__A__hl__OUT__lh__ACQ_1 {0.05 0.01 6.09 0.79 1 10.860118866 engnx02a.utdallas.edu 1729741096.05 1729741106.91 1 0.52218580246 10.2544670105 0.00243496894836 0.446748971939 0.000792026519775 9.70000600815 0.0 0.0 0.0 0.0 0.0 0.0 0.0 0.0}
replayTaskStats XOR2 delay__A__lh__OUT__hl__ACQ_1 {0.06 0.0 5.97 0.68 1 7.06186294556 engnx02a.utdallas.edu 1729741106.91 1729741113.97 1 0.293912887573 6.69783401489 0.00193786621094 0.00579214096069 0.00064492225647 6.67233109474 0.0 0.0 0.0 0.0 0.0 0.0 0.0 0.0}
replayTaskStats XOR2 delay__A__lh__OUT__lh__ACQ_1 {0.06 0.01 6.15 0.71 1 6.88559913635 engnx02a.utdallas.edu 1729741113.97 1729741120.85 1 0.0485031604767 6.83447408676 0.00193095207214 0.00615310668945 0.000635862350464 6.80919599533 0.0 0.0 0.0 0.0 0.0 0.0 0.0 0.0}
replayTaskStats XOR2 delay__B__hl__OUT__hl__ACQ_1 {0.06 0.01 5.98 0.65 1 6.67517089844 engnx02a.utdallas.edu 1729741120.86 1729741127.53 1 0.0365028381348 6.63609600067 0.0021231174469 0.00593996047974 0.000683069229126 6.6111831665 0.0 0.0 0.0 0.0 0.0 0.0 0.0 0.0}
replayTaskStats XOR2 delay__B__hl__OUT__lh__ACQ_1 {0.05 0.01 5.95 0.69 1 6.65346193314 engnx02a.utdallas.edu 1729741127.53 1729741134.18 1 0.0368609428406 6.61402797699 0.00202703475952 0.00560522079468 0.000659227371216 6.58911395073 0.0 0.0 0.0 0.0 0.0 0.0 0.0 0.0}
replayTaskStats XOR2 delay__B__lh__OUT__hl__ACQ_1 {0.05 0.01 6.14 0.73 1 7.67069816589 engnx02a.utdallas.edu 1729741134.19 1729741141.86 1 0.0358500480652 7.62969517708 0.00202083587646 0.789011955261 0.000660181045532 6.82144999504 0.0 0.0 0.0 0.0 0.0 0.0 0.0 0.0}
replayTaskStats XOR2 Cin__VSS__hl__ACQ_1 {0.05 0.01 5.95 0.72 1 7.81421494484 engnx02a.utdallas.edu 1729741150.52 1729741158.33 1 0.401165962219 7.26595711708 0.00188493728638 0.00428605079651 0.00061297416687 7.24794101715 0.0 0.0 0.0 0.0 0.0 0.0 0.0 0.0}
replayTaskStats XOR2 delay__B__lh__OUT__lh__ACQ_1 {0.06 0.01 6.23 0.73 1 8.6607568264 engnx02a.utdallas.edu 1729741141.86 1729741150.52 1 0.987460136414 7.56587290764 0.00212597846985 0.455628871918 0.000827074050903 7.08885192871 0.0 0.0 0.0 0.0 0.0 0.0 0.0 0.0}
replayTaskStats XOR2 Cin__VSS__lh__ACQ_1 {0.04 0.0 5.97 0.7 1 6.70130705833 engnx02a.utdallas.edu 1729741158.33 1729741165.03 1 0.0485281944275 6.65032696724 0.0019199848175 0.00434803962708 0.00084114074707 6.63209104538 0.0 0.0 0.0 0.0 0.0 0.0 0.0 0.0}
replayTaskStats XOR2 Cin__VDD__hl__ACQ_1 {0.04 0.01 6.09 0.68 1 6.77162599564 engnx02a.utdallas.edu 1729741165.03 1729741171.81 1 0.0293040275574 6.73988509178 0.00203704833984 0.00449800491333 0.000625848770142 6.72127914429 0.0 0.0 0.0 0.0 0.0 0.0 0.0 0.0}
replayTaskStats XOR2 Cin__VDD__lh__ACQ_1 {0.04 0.0 6.07 0.69 1 6.78836679459 engnx02a.utdallas.edu 1729741171.81 1729741178.6 1 0.0366518497467 6.7490029335 0.00190997123718 0.004145860672 0.000618934631348 6.73047804832 0.0 0.0 0.0 0.0 0.0 0.0 0.0 0.0}
replayTaskStats XOR2 modeling {0.19 0.02 0.0 0.0 1 0.245409965515 engnx02a.utdallas.edu 1729741200.88 1729741201.13 1}
replayTaskStats XOR2 configure {0.15 0.01 0.0 0.0 1 0.204732179642 engnx03a.utdallas.edu 1733254308.48 1733254308.68 1}
replayTaskStats XOR2 delay__A__hl__OUT__hl__ACQ_1 {0.12 0.02 6.25 0.7 1 7.0431060791 engnx03a.utdallas.edu 1733254315.8 1733254322.84 1 0.0837359428406 6.9559378624 0.00215101242065 0.00696706771851 0.00111889839172 6.82956910133 0.0 0.0 0.0 0.0 0.0 0.0 0.0 0.0}
replayTaskStats XOR2 delay__A__hl__OUT__lh__ACQ_1 {0.06 0.01 6.13 0.64 1 6.79619693756 engnx03a.utdallas.edu 1733254322.84 1733254329.64 1 0.040755033493 6.75168299675 0.00197601318359 0.00658798217773 0.00070595741272 6.72516107559 0.0 0.0 0.0 0.0 0.0 0.0 0.0 0.0}
replayTaskStats XOR2 delay__A__lh__OUT__hl__ACQ_1 {0.06 0.0 5.94 0.68 1 6.62514209747 engnx03a.utdallas.edu 1733254329.64 1733254336.27 1 0.0352280139923 6.58730602264 0.00211906433105 0.00666999816895 0.000761985778809 6.56105613708 0.0 0.0 0.0 0.0 0.0 0.0 0.0 0.0}
replayTaskStats XOR2 delay__A__lh__OUT__lh__ACQ_1 {0.05 0.02 5.98 0.66 1 6.65254688263 engnx03a.utdallas.edu 1733254336.27 1733254342.92 1 0.0348188877106 6.61487317085 0.00258898735046 0.00670385360718 0.00520396232605 6.58239388466 0.0 0.0 0.0 0.0 0.0 0.0 0.0 0.0}
replayTaskStats XOR2 delay__B__hl__OUT__hl__ACQ_1 {0.07 0.02 5.87 0.66 1 6.56605100632 engnx03a.utdallas.edu 1733254342.92 1733254349.49 1 0.0682120323181 6.49489092827 0.0021378993988 0.00636410713196 0.000681161880493 6.46874904633 0.0 0.0 0.0 0.0 0.0 0.0 0.0 0.0}
replayTaskStats XOR2 delay__B__hl__OUT__lh__ACQ_1 {0.06 0.0 5.9 0.69 1 6.60723400116 engnx03a.utdallas.edu 1733254349.49 1733254356.09 1 0.034087896347 6.57054185867 0.00204205513 0.00621390342712 0.000662803649902 6.54565405846 0.0 0.0 0.0 0.0 0.0 0.0 0.0 0.0}
replayTaskStats XOR2 delay__B__lh__OUT__hl__ACQ_1 {0.05 0.01 6.01 0.63 1 6.65264296532 engnx03a.utdallas.edu 1733254356.09 1733254362.75 1 0.0354030132294 6.6146800518 0.00217795372009 0.00726222991943 0.000751972198486 6.58853387833 0.0 0.0 0.0 0.0 0.0 0.0 0.0 0.0}
replayTaskStats XOR2 delay__B__lh__OUT__lh__ACQ_1 {0.06 0.01 6.02 0.65 1 6.68149900436 engnx03a.utdallas.edu 1733254362.75 1733254369.43 1 0.0387859344482 6.63981699944 0.00256896018982 0.00698018074036 0.000735998153687 6.61172318459 0.0 0.0 0.0 0.0 0.0 0.0 0.0 0.0}
replayTaskStats XOR2 leakage_power__ACQ_1 {0.05 0.0 5.71 0.64 1 6.3508169651 engnx03a.utdallas.edu 1733254369.43 1733254375.78 1 0.0289039611816 6.31886601448 0.00207304954529 0.00523400306702 0.00241804122925 6.29701495171 0.0 0.0 0.0 0.0 0.0 0.0 0.0 0.0}
replayTaskStats XOR2 Cin__VSS__hl__ACQ_1 {0.05 0.01 5.94 0.63 1 6.58143186569 engnx03a.utdallas.edu 1733254375.78 1733254382.36 1 0.0333871841431 6.54535293579 0.00235104560852 0.005038022995 0.000738143920898 6.52509093285 0.0 0.0 0.0 0.0 0.0 0.0 0.0 0.0}
replayTaskStats XOR2 Cin__VSS__lh__ACQ_1 {0.04 0.01 5.88 0.65 1 6.52951407433 engnx03a.utdallas.edu 1733254382.36 1733254388.89 1 0.0293998718262 6.49742484093 0.00210213661194 0.00517392158508 0.000730991363525 6.47721099854 0.0 0.0 0.0 0.0 0.0 0.0 0.0 0.0}
replayTaskStats XOR2 Cin__VDD__hl__ACQ_1 {0.05 0.0 5.94 0.66 1 6.59711003304 engnx03a.utdallas.edu 1733254388.89 1733254395.49 1 0.029422044754 6.56504106522 0.00213003158569 0.00563406944275 0.000771045684814 6.54407000542 0.0 0.0 0.0 0.0 0.0 0.0 0.0 0.0}
replayTaskStats XOR2 Cin__VDD__lh__ACQ_1 {0.04 0.01 5.9 0.69 1 6.59218406677 engnx03a.utdallas.edu 1733254395.49 1733254402.08 1 0.0287518501282 6.56069684029 0.00231599807739 0.00484800338745 0.000734806060791 6.54062104225 0.0 0.0 0.0 0.0 0.0 0.0 0.0 0.0}
replayTaskStats XOR2 modeling {0.21 0.01 0.0 0.0 1 0.237225055695 engnx03a.utdallas.edu 1733254420.76 1733254421.0 1}
replayTaskStats XOR2 configure {0.17 0.01 0.0 0.0 1 0.241002082825 engnx02a.utdallas.edu 1733459910.9 1733459911.14 1}
replayTaskStats XOR2 delay__A__hl__OUT__hl__ACQ_1 {0.11 0.01 6.07 0.77 1 6.92729282379 engnx02a.utdallas.edu 1733459916.1 1733459923.03 1 0.0789058208466 6.84520411491 0.00187683105469 0.007728099823 0.000829935073853 6.71640300751 0.0 0.0 0.0 0.0 0.0 0.0 0.0 0.0}
replayTaskStats XOR2 delay__A__hl__OUT__lh__ACQ_1 {0.06 0.0 6.0 0.68 1 6.67936301231 engnx02a.utdallas.edu 1733459923.03 1733459929.71 1 0.0339579582214 6.64296579361 0.00194001197815 0.00647711753845 0.000663995742798 6.6180229187 0.0 0.0 0.0 0.0 0.0 0.0 0.0 0.0}
replayTaskStats XOR2 delay__A__lh__OUT__hl__ACQ_1 {0.05 0.01 5.95 0.7 1 6.64801287651 engnx02a.utdallas.edu 1733459929.71 1733459936.36 1 0.0335359573364 6.61196804047 0.00208497047424 0.0063259601593 0.000648021697998 6.58703303337 0.0 0.0 0.0 0.0 0.0 0.0 0.0 0.0}
replayTaskStats XOR2 delay__A__lh__OUT__lh__ACQ_1 {0.06 0.0 6.25 0.7 1 6.9557030201 engnx02a.utdallas.edu 1733459936.36 1733459943.32 1 0.0363409519196 6.9168407917 0.00198888778687 0.00708413124084 0.000674962997437 6.88949608803 0.0 0.0 0.0 0.0 0.0 0.0 0.0 0.0}
replayTaskStats XOR2 delay__B__hl__OUT__hl__ACQ_1 {0.08 0.03 6.07 0.69 1 6.81195306778 engnx02a.utdallas.edu 1733459943.32 1733459950.13 1 0.0781219005585 6.73107504845 0.00195908546448 0.0071861743927 0.00069785118103 6.70317292213 0.0 0.0 0.0 0.0 0.0 0.0 0.0 0.0}
replayTaskStats XOR2 delay__B__hl__OUT__lh__ACQ_1 {0.05 0.01 6.01 0.71 1 6.72046804428 engnx02a.utdallas.edu 1733459950.13 1733459956.85 1 0.0336530208588 6.68424391747 0.00202488899231 0.00664019584656 0.000629901885986 6.65956497192 0.0 0.0 0.0 0.0 0.0 0.0 0.0 0.0}
replayTaskStats XOR2 delay__B__lh__OUT__hl__ACQ_1 {0.06 0.01 6.1 0.69 1 6.80114603043 engnx02a.utdallas.edu 1733459956.85 1733459963.65 1 0.0344221591949 6.76427102089 0.00200390815735 0.00780296325684 0.000642061233521 6.73834109306 0.0 0.0 0.0 0.0 0.0 0.0 0.0 0.0}
replayTaskStats XOR2 delay__B__lh__OUT__lh__ACQ_1 {0.05 0.0 6.26 0.69 1 6.95666599274 engnx02a.utdallas.edu 1733459963.65 1733459970.61 1 0.0338370800018 6.92034602165 0.0020580291748 0.00667595863342 0.000633001327515 6.8955950737 0.0 0.0 0.0 0.0 0.0 0.0 0.0 0.0}
replayTaskStats XOR2 leakage_power__ACQ_1 {0.04 0.01 5.83 0.69 1 6.50901508331 engnx02a.utdallas.edu 1733459970.61 1733459977.12 1 0.0252878665924 6.48083209991 0.00202584266663 0.00743913650513 0.00207495689392 6.45839095116 0.0 0.0 0.0 0.0 0.0 0.0 0.0 0.0}
replayTaskStats XOR2 Cin__VSS__hl__ACQ_1 {0.05 0.0 5.88 0.72 1 6.61503100395 engnx02a.utdallas.edu 1733459977.12 1733459983.73 1 0.0364561080933 6.57587194443 0.00202012062073 0.0049831867218 0.00062894821167 6.55576515198 0.0 0.0 0.0 0.0 0.0 0.0 0.0 0.0}
replayTaskStats XOR2 Cin__VSS__lh__ACQ_1 {0.04 0.01 5.89 0.66 1 6.55050802231 engnx02a.utdallas.edu 1733459983.74 1733459990.29 1 0.0264129638672 6.52165317535 0.0018949508667 0.00579905509949 0.000632047653198 6.502628088 0.0 0.0 0.0 0.0 0.0 0.0 0.0 0.0}
replayTaskStats XOR2 Cin__VDD__hl__ACQ_1 {0.04 0.0 5.9 0.7 1 6.58138895035 engnx02a.utdallas.edu 1733459990.29 1733459996.87 1 0.0275251865387 6.55132699013 0.00193405151367 0.00486612319946 0.000669002532959 6.53316998482 0.0 0.0 0.0 0.0 0.0 0.0 0.0 0.0}
replayTaskStats XOR2 Cin__VDD__lh__ACQ_1 {0.04 0.01 5.91 0.71 1 6.61339116096 engnx02a.utdallas.edu 1733459996.87 1733460003.48 1 0.027172088623 6.58356499672 0.00223588943481 0.00525689125061 0.000631809234619 6.56451892853 0.0 0.0 0.0 0.0 0.0 0.0 0.0 0.0}
replayTaskStats XOR2 modeling {0.2 0.01 0.0 0.0 1 0.274024009705 engnx02a.utdallas.edu 1733460019.68 1733460019.95 1}
