replayTaskStats NAND2 configure {0.01 0.01 0.0 0.0 1 0.159834861755 engnx02a.utdallas.edu 1729709657.3 1729709657.46 1}
replayTaskStats NAND2 configure {0.11 0.01 0.0 0.0 1 4.68120098114 engnx02a.utdallas.edu 1729709893.9 1729709898.58 1}
replayTaskStats NAND2 configure {0.1 0.0 0.0 0.0 1 0.137196063995 engnx02a.utdallas.edu 1729710135.27 1729710135.4 1}
replayTaskStats NAND2 delay__B__lh__OUT__hl__ACQ_1 {0.12 0.01 5.99 0.76 1 14.6440169811 engnx02a.utdallas.edu 1729710149.79 1729710164.44 1 0.081148147583 14.5594038963 0.0487430095673 0.576010942459 0.000890016555786 13.6156609058 0.0 0.0 0.0 0.0 0.0 0.0 0.0 0.0}
replayTaskStats NAND2 delay__B__hl__OUT__lh__ACQ_1 {0.06 0.01 6.04 0.7 1 7.06255412102 engnx02a.utdallas.edu 1729710164.5 1729710171.57 1 0.221297025681 6.76763296127 0.00214409828186 0.0062210559845 0.00068998336792 6.74065208435 0.0 0.0 0.0 0.0 0.0 0.0 0.0 0.0}
replayTaskStats NAND2 delay__A__lh__OUT__hl__ACQ_1 {0.06 0.01 5.99 0.67 1 6.67461299896 engnx02a.utdallas.edu 1729710171.57 1729710178.24 1 0.036260843277 6.63556885719 0.00209903717041 0.00621604919434 0.000702142715454 6.609115839 0.0 0.0 0.0 0.0 0.0 0.0 0.0 0.0}
replayTaskStats NAND2 delay__A__hl__OUT__lh__ACQ_1 {0.06 0.01 6.04 0.68 1 6.75295901299 engnx02a.utdallas.edu 1729710178.24 1729710185.0 1 0.0381920337677 6.71187400818 0.00274205207825 0.00665187835693 0.00135898590088 6.67999005318 0.0 0.0 0.0 0.0 0.0 0.0 0.0 0.0}
replayTaskStats NAND2 leakage_power__ACQ_1 {0.05 0.02 5.99 0.71 1 6.73830699921 engnx02a.utdallas.edu 1729710185.0 1729710191.73 1 0.0562660694122 6.67916917801 0.00200390815735 0.00396609306335 0.00210309028625 6.65960407257 0.0 0.0 0.0 0.0 0.0 0.0 0.0 0.0}
replayTaskStats NAND2 Cin__VSS__lh__ACQ_1 {0.04 0.01 5.86 0.68 1 6.54569101334 engnx02a.utdallas.edu 1729710191.73 1729710198.28 1 0.0297110080719 6.51349401474 0.00198316574097 0.00451803207397 0.000633001327515 6.49569988251 0.0 0.0 0.0 0.0 0.0 0.0 0.0 0.0}
replayTaskStats NAND2 Cin__VSS__hl__ACQ_1 {0.04 0.0 5.93 0.81 1 7.24366497993 engnx02a.utdallas.edu 1729710198.28 1729710205.52 1 0.0276298522949 7.21337103844 0.00202608108521 0.498301029205 0.000649929046631 6.70135116577 0.0 0.0 0.0 0.0 0.0 0.0 0.0 0.0}
replayTaskStats NAND2 Cin__VDD__lh__ACQ_1 {0.04 0.01 6.0 0.7 1 11.1474070549 engnx02a.utdallas.edu 1729710205.53 1729710216.67 1 0.330747842789 10.7553792 0.00223708152771 0.00456500053406 0.000725030899048 10.7361209393 0.0 0.0 0.0 0.0 0.0 0.0 0.0 0.0}
replayTaskStats NAND2 Cin__VDD__hl__ACQ_1 {0.04 0.0 5.72 0.69 1 6.42098498344 engnx02a.utdallas.edu 1729710216.67 1729710223.09 1 0.0301539897919 6.3881020546 0.00198888778687 0.00466394424438 0.000720977783203 6.36890912056 0.0 0.0 0.0 0.0 0.0 0.0 0.0 0.0}
replayTaskStats NAND2 modeling {0.16 0.01 0.0 0.0 1 0.176880121231 engnx02a.utdallas.edu 1729710286.3 1729710286.48 1}
replayTaskStats NAND2 configure {0.09 0.01 0.0 0.0 1 0.128356933594 engnx03a.utdallas.edu 1733253146.99 1733253147.12 1}
replayTaskStats NAND2 configure {0.1 0.01 0.0 0.0 1 0.144497156143 engnx03a.utdallas.edu 1733253198.88 1733253199.02 1}
replayTaskStats NAND2 delay__B__lh__OUT__hl__ACQ_1 {0.11 0.01 6.01 0.74 1 6.90854310989 engnx03a.utdallas.edu 1733253205.51 1733253212.42 1 0.0780279636383 6.82718300819 0.00216007232666 0.00701880455017 0.000914812088013 6.70781993866 0.0 0.0 0.0 0.0 0.0 0.0 0.0 0.0}
replayTaskStats NAND2 delay__B__hl__OUT__lh__ACQ_1 {0.06 0.0 6.05 0.71 1 6.7651348114 engnx03a.utdallas.edu 1733253212.42 1733253219.18 1 0.0352408885956 6.72720003128 0.00205588340759 0.00646615028381 0.000679969787598 6.70169401169 0.0 0.0 0.0 0.0 0.0 0.0 0.0 0.0}
replayTaskStats NAND2 delay__A__lh__OUT__hl__ACQ_1 {0.05 0.01 6.08 0.69 1 6.77523899078 engnx03a.utdallas.edu 1733253219.18 1733253225.96 1 0.0345010757446 6.73813199997 0.00208878517151 0.00672698020935 0.000709056854248 6.71229410172 0.0 0.0 0.0 0.0 0.0 0.0 0.0 0.0}
replayTaskStats NAND2 delay__A__hl__OUT__lh__ACQ_1 {0.06 0.0 5.91 0.69 1 6.60709214211 engnx03a.utdallas.edu 1733253225.96 1733253232.57 1 0.0342519283295 6.57023501396 0.00204586982727 0.00637602806091 0.000679016113281 6.54531812668 0.0 0.0 0.0 0.0 0.0 0.0 0.0 0.0}
replayTaskStats NAND2 leakage_power__ACQ_1 {0.06 0.01 5.88 0.69 1 6.60004591942 engnx03a.utdallas.edu 1733253232.57 1733253239.17 1 0.0502049922943 6.54687285423 0.00235986709595 0.00560688972473 0.00284290313721 6.5214471817 0.0 0.0 0.0 0.0 0.0 0.0 0.0 0.0}
replayTaskStats NAND2 Cin__VSS__lh__ACQ_1 {0.05 0.01 5.88 0.72 1 6.59386587143 engnx03a.utdallas.edu 1733253239.17 1733253245.76 1 0.0337550640106 6.55733513832 0.00225591659546 0.00531911849976 0.000944137573242 6.53589296341 0.0 0.0 0.0 0.0 0.0 0.0 0.0 0.0}
replayTaskStats NAND2 Cin__VSS__hl__ACQ_1 {0.05 0.0 6.08 0.67 1 6.75516819954 engnx03a.utdallas.edu 1733253245.76 1733253252.52 1 0.0290369987488 6.72349500656 0.00226712226868 0.00544810295105 0.000761032104492 6.70271611214 0.0 0.0 0.0 0.0 0.0 0.0 0.0 0.0}
replayTaskStats NAND2 Cin__VDD__lh__ACQ_1 {0.04 0.0 5.9 0.7 1 6.59205508232 engnx03a.utdallas.edu 1733253252.52 1733253259.11 1 0.0289580821991 6.56036305428 0.00231504440308 0.00551009178162 0.000936031341553 6.53893208504 0.0 0.0 0.0 0.0 0.0 0.0 0.0 0.0}
replayTaskStats NAND2 Cin__VDD__hl__ACQ_1 {0.05 0.01 6.01 0.72 1 6.73020005226 engnx03a.utdallas.edu 1733253259.11 1733253265.84 1 0.0317940711975 6.6955602169 0.00225400924683 0.00508189201355 0.000725984573364 6.67504501343 0.0 0.0 0.0 0.0 0.0 0.0 0.0 0.0}
replayTaskStats NAND2 modeling {0.14 0.01 0.0 0.0 1 0.177366018295 engnx03a.utdallas.edu 1733253313.87 1733253314.05 1}
replayTaskStats NAND2 configure {0.1 0.0 0.0 0.0 1 0.142520904541 engnx02a.utdallas.edu 1733458260.59 1733458260.74 1}
replayTaskStats NAND2 delay__B__lh__OUT__hl__ACQ_1 {0.1 0.02 6.02 0.75 1 6.83264803886 engnx02a.utdallas.edu 1733458267.13 1733458273.96 1 0.0752470493317 6.75421094894 0.00190901756287 0.00715088844299 0.000822067260742 6.63277006149 0.0 0.0 0.0 0.0 0.0 0.0 0.0 0.0}
replayTaskStats NAND2 delay__B__hl__OUT__lh__ACQ_1 {0.06 0.0 5.96 0.68 1 6.64664006233 engnx02a.utdallas.edu 1733458273.97 1733458280.61 1 0.0340070724487 6.61011004448 0.00200796127319 0.00658297538757 0.000627994537354 6.58561897278 0.0 0.0 0.0 0.0 0.0 0.0 0.0 0.0}
replayTaskStats NAND2 delay__A__lh__OUT__hl__ACQ_1 {0.05 0.0 5.89 0.67 1 6.56924915314 engnx02a.utdallas.edu 1733458280.61 1733458287.18 1 0.0338780879974 6.53291893005 0.00206589698792 0.00651383399963 0.000655889511108 6.50820112228 0.0 0.0 0.0 0.0 0.0 0.0 0.0 0.0}
replayTaskStats NAND2 delay__A__hl__OUT__lh__ACQ_1 {0.05 0.01 5.96 0.67 1 6.62500786781 engnx02a.utdallas.edu 1733458287.18 1733458293.81 1 0.0334730148315 6.58902406693 0.00201296806335 0.00762295722961 0.000715970993042 6.56237077713 0.0 0.0 0.0 0.0 0.0 0.0 0.0 0.0}
replayTaskStats NAND2 leakage_power__ACQ_1 {0.07 0.02 5.78 0.7 1 6.52271080017 engnx02a.utdallas.edu 1733458293.81 1733458300.33 1 0.0546181201935 6.46538615227 0.00188899040222 0.00517416000366 0.00228095054626 6.43409609795 0.0 0.0 0.0 0.0 0.0 0.0 0.0 0.0}
replayTaskStats NAND2 Cin__VSS__lh__ACQ_1 {0.04 0.0 5.85 0.69 1 6.53685903549 engnx02a.utdallas.edu 1733458300.33 1733458306.87 1 0.0303401947021 6.50396299362 0.00228118896484 0.00528287887573 0.000675916671753 6.48473000526 0.0 0.0 0.0 0.0 0.0 0.0 0.0 0.0}
replayTaskStats NAND2 Cin__VSS__hl__ACQ_1 {0.04 0.01 5.72 0.65 1 6.37691402435 engnx02a.utdallas.edu 1733458306.87 1733458313.25 1 0.0283679962158 6.34600305557 0.00191187858582 0.00524997711182 0.00067400932312 6.32737207413 0.0 0.0 0.0 0.0 0.0 0.0 0.0 0.0}
replayTaskStats NAND2 Cin__VDD__lh__ACQ_1 {0.04 0.0 5.73 0.7 1 6.41297388077 engnx02a.utdallas.edu 1733458313.25 1733458319.66 1 0.0275239944458 6.38291096687 0.00209808349609 0.00562906265259 0.000691890716553 6.36367607117 0.0 0.0 0.0 0.0 0.0 0.0 0.0 0.0}
replayTaskStats NAND2 Cin__VDD__hl__ACQ_1 {0.04 0.01 5.94 0.7 1 6.63321113586 engnx02a.utdallas.edu 1733458319.66 1733458326.29 1 0.0287640094757 6.6017677784 0.00209093093872 0.00495505332947 0.000651121139526 6.58291697502 0.0 0.0 0.0 0.0 0.0 0.0 0.0 0.0}
replayTaskStats NAND2 modeling {0.15 0.0 0.0 0.0 1 0.165368080139 engnx02a.utdallas.edu 1733458344.83 1733458345.0 1}
