replayTaskStats AIO21 configure {0.03 0.0 0.0 0.0 1 0.088348865509 engnx02a.utdallas.edu 1729719497.75 1729719497.84 1}
replayTaskStats AOI21 configure {0.0 0.0 0.0 0.0 1 0.00767612457275 engnx02a.utdallas.edu 1729719582.93 1729719582.94 1}
replayTaskStats AOI21 configure {0.16 0.01 0.0 0.0 1 4.984552145 engnx02a.utdallas.edu 1729719637.49 1729719642.48 1}
replayTaskStats AOI21 configure {0.15 0.01 0.0 0.0 1 0.196958065033 engnx02a.utdallas.edu 1729719772.73 1729719772.92 1}
replayTaskStats AOI21 delay__B__lh__OUT__hl__ACQ_1 {0.12 0.01 6.26 0.71 1 7.35918402672 engnx02a.utdallas.edu 1729719798.26 1729719805.62 1 0.104840040207 7.25095891953 0.00221395492554 0.00630807876587 0.000890016555786 7.12615394592 0.0 0.0 0.0 0.0 0.0 0.0 0.0 0.0}
replayTaskStats AOI21 delay__B__hl__OUT__lh__ACQ_1 {0.06 0.0 6.07 0.7 1 6.78969693184 engnx02a.utdallas.edu 1729719805.62 1729719812.41 1 0.053740978241 6.73343396187 0.0020580291748 0.00574994087219 0.000685214996338 6.70828199387 0.0 0.0 0.0 0.0 0.0 0.0 0.0 0.0}
replayTaskStats AOI21 delay__C__lh__OUT__hl__ACQ_1 {0.05 0.02 6.17 0.74 1 6.94277906418 engnx02a.utdallas.edu 1729719812.41 1729719819.36 1 0.0500710010529 6.89012098312 0.00197792053223 0.00598406791687 0.000702857971191 6.86463809013 0.0 0.0 0.0 0.0 0.0 0.0 0.0 0.0}
replayTaskStats AOI21 delay__C__hl__OUT__lh__ACQ_1 {0.08 0.01 6.08 0.71 1 11.5568919182 engnx02a.utdallas.edu 1729719819.36 1729719830.91 1 0.0678648948669 11.4861271381 0.0510098934174 0.525490999222 0.000753879547119 10.8911278248 0.0 0.0 0.0 0.0 0.0 0.0 0.0 0.0}
replayTaskStats AOI21 delay__A__lh__OUT__hl__ACQ_1 {0.06 0.01 6.05 0.67 1 7.59614181519 engnx02a.utdallas.edu 1729719831.0 1729719838.59 1 0.247252941132 7.26639580727 0.00196695327759 0.00588703155518 0.000716924667358 7.17367196083 0.0 0.0 0.0 0.0 0.0 0.0 0.0 0.0}
replayTaskStats AOI21 delay__A__hl__OUT__lh__ACQ_1 {0.06 0.0 6.12 0.7 1 6.85797595978 engnx02a.utdallas.edu 1729719838.6 1729719845.45 1 0.0546147823334 6.8005399704 0.0019268989563 0.0058491230011 0.000695943832397 6.77491784096 0.0 0.0 0.0 0.0 0.0 0.0 0.0 0.0}
replayTaskStats AOI21 leakage_power__ACQ_1 {0.05 0.01 6.02 0.74 1 6.7771987915 engnx02a.utdallas.edu 1729719845.45 1729719852.23 1 0.0292499065399 6.74514102936 0.0019109249115 0.0041241645813 0.00235295295715 6.72478485107 0.0 0.0 0.0 0.0 0.0 0.0 0.0 0.0}
replayTaskStats AOI21 Cin__VSS__lh__ACQ_1 {0.05 0.0 6.1 0.72 1 6.86168289185 engnx02a.utdallas.edu 1729719852.23 1729719859.09 1 0.0467970371246 6.81226992607 0.00235390663147 0.00431704521179 0.000702142715454 6.79281115532 0.0 0.0 0.0 0.0 0.0 0.0 0.0 0.0}
replayTaskStats AOI21 Cin__VSS__hl__ACQ_1 {0.05 0.01 6.06 0.73 1 6.84645295143 engnx02a.utdallas.edu 1729719859.09 1729719865.94 1 0.0459220409393 6.79756498337 0.00276398658752 0.00457501411438 0.000757217407227 6.77605104446 0.0 0.0 0.0 0.0 0.0 0.0 0.0 0.0}
replayTaskStats AOI21 Cin__VDD__lh__ACQ_1 {0.05 0.01 6.18 0.7 1 7.49569892883 engnx02a.utdallas.edu 1729719865.94 1729719873.44 1 0.0458900928497 7.44708108902 0.00205302238464 0.576808929443 0.000744819641113 6.85491085052 0.0 0.0 0.0 0.0 0.0 0.0 0.0 0.0}
replayTaskStats AOI21 Cin__VDD__hl__ACQ_1 {0.04 0.01 5.96 0.65 1 7.51279711723 engnx02a.utdallas.edu 1729719873.44 1729719880.95 1 0.299973011017 7.14107513428 0.00195407867432 0.509736061096 0.000726938247681 6.61629390717 0.0 0.0 0.0 0.0 0.0 0.0 0.0 0.0}
replayTaskStats AOI21 modeling {0.22 0.01 0.0 0.0 1 0.258086204529 engnx02a.utdallas.edu 1729719916.02 1729719916.28 1}
replayTaskStats AOI21 configure {0.13 0.01 0.0 0.0 1 0.17594408989 engnx03a.utdallas.edu 1733251189.69 1733251189.86 1}
replayTaskStats AOI21 configure {0.14 0.0 0.0 0.0 1 0.17323589325 engnx03a.utdallas.edu 1733251275.68 1733251275.85 1}
replayTaskStats AOI21 configure {0.13 0.02 0.0 0.0 1 0.212608098984 engnx03a.utdallas.edu 1733251360.88 1733251361.09 1}
replayTaskStats AOI21 delay__B__lh__OUT__hl__ACQ_1 {0.12 0.01 6.17 0.73 1 7.43891000748 engnx03a.utdallas.edu 1733251374.03 1733251381.47 1 0.0846490859985 7.35095214844 0.00197100639343 0.37627696991 0.000903129577637 6.84708309174 0.0 0.0 0.0 0.0 0.0 0.0 0.0 0.0}
replayTaskStats AOI21 delay__B__hl__OUT__lh__ACQ_1 {0.05 0.01 6.09 0.62 1 6.72789311409 engnx03a.utdallas.edu 1733251381.47 1733251388.2 1 0.0391280651093 6.68619990349 0.00208282470703 0.00615310668945 0.000813007354736 6.66046690941 0.0 0.0 0.0 0.0 0.0 0.0 0.0 0.0}
replayTaskStats AOI21 delay__C__lh__OUT__hl__ACQ_1 {0.06 0.0 6.03 0.65 1 6.71431589127 engnx03a.utdallas.edu 1733251388.2 1733251394.91 1 0.0383770465851 6.67316699028 0.00203585624695 0.0221309661865 0.000749826431274 6.63156294823 0.0 0.0 0.0 0.0 0.0 0.0 0.0 0.0}
replayTaskStats AOI21 delay__C__hl__OUT__lh__ACQ_1 {0.08 0.02 5.92 0.63 1 6.60869288445 engnx03a.utdallas.edu 1733251394.91 1733251401.52 1 0.0685269832611 6.53714704514 0.00203800201416 0.00670289993286 0.000722885131836 6.5100030899 0.0 0.0 0.0 0.0 0.0 0.0 0.0 0.0}
replayTaskStats AOI21 delay__A__lh__OUT__hl__ACQ_1 {0.07 0.01 6.14 0.67 1 6.82840704918 engnx03a.utdallas.edu 1733251401.52 1733251408.35 1 0.0442371368408 6.78142023087 0.00206303596497 0.00715208053589 0.000757932662964 6.75172686577 0.0 0.0 0.0 0.0 0.0 0.0 0.0 0.0}
replayTaskStats AOI21 leakage_power__ACQ_1 {0.05 0.01 6.05 0.63 1 6.69836306572 engnx03a.utdallas.edu 1733251415.25 1733251421.95 1 0.0288510322571 6.6666738987 0.00218510627747 0.00517892837524 0.00250601768494 6.64464092255 0.0 0.0 0.0 0.0 0.0 0.0 0.0 0.0}
replayTaskStats AOI21 delay__A__hl__OUT__lh__ACQ_1 {0.06 0.0 6.21 0.66 1 6.89461708069 engnx03a.utdallas.edu 1733251408.35 1733251415.25 1 0.0423290729523 6.84963297844 0.00233101844788 0.00681400299072 0.000716924667358 6.82190084457 0.0 0.0 0.0 0.0 0.0 0.0 0.0 0.0}
replayTaskStats AOI21 Cin__VSS__lh__ACQ_1 {0.05 0.01 6.02 0.65 1 6.6657500267 engnx03a.utdallas.edu 1733251421.95 1733251428.61 1 0.0356440544128 6.62743997574 0.00204086303711 0.00479507446289 0.000657081604004 6.6083779335 0.0 0.0 0.0 0.0 0.0 0.0 0.0 0.0}
replayTaskStats AOI21 Cin__VSS__hl__ACQ_1 {0.05 0.0 6.21 0.69 1 6.93245601654 engnx03a.utdallas.edu 1733251428.61 1733251435.55 1 0.0347638130188 6.89506387711 0.00211906433105 0.00528478622437 0.00070595741272 6.8735640049 0.0 0.0 0.0 0.0 0.0 0.0 0.0 0.0}
replayTaskStats AOI21 Cin__VDD__lh__ACQ_1 {0.04 0.01 6.08 0.67 1 6.75623202324 engnx03a.utdallas.edu 1733251435.55 1733251442.3 1 0.031720161438 6.72185301781 0.00205492973328 0.0052649974823 0.000688076019287 6.70188307762 0.0 0.0 0.0 0.0 0.0 0.0 0.0 0.0}
replayTaskStats AOI21 Cin__VDD__hl__ACQ_1 {0.04 0.01 5.96 0.71 1 6.6809399128 engnx03a.utdallas.edu 1733251442.3 1733251448.99 1 0.0340201854706 6.64436292648 0.00219392776489 0.00523090362549 0.000664949417114 6.6249859333 0.0 0.0 0.0 0.0 0.0 0.0 0.0 0.0}
replayTaskStats AOI21 configure {0.12 0.0 0.0 0.0 1 0.162042140961 engnx02a.utdallas.edu 1733457265.52 1733457265.68 1}
replayTaskStats AOI21 configure {0.12 0.01 0.0 0.0 1 0.16558599472 engnx02a.utdallas.edu 1733457294.85 1733457295.01 1}
replayTaskStats AOI21 delay__B__lh__OUT__hl__ACQ_1 {0.12 0.01 6.05 0.73 1 6.93369197845 engnx02a.utdallas.edu 1733457301.88 1733457308.82 1 0.0812790393829 6.84919095039 0.00200700759888 0.00753593444824 0.000849962234497 6.72927808762 0.0 0.0 0.0 0.0 0.0 0.0 0.0 0.0}
replayTaskStats AOI21 delay__B__hl__OUT__lh__ACQ_1 {0.06 0.01 6.01 0.7 1 6.71037602425 engnx02a.utdallas.edu 1733457308.82 1733457315.53 1 0.0375158786774 6.67042303085 0.00192213058472 0.00680804252625 0.000660181045532 6.64537286758 0.0 0.0 0.0 0.0 0.0 0.0 0.0 0.0}
replayTaskStats AOI21 delay__C__lh__OUT__hl__ACQ_1 {0.05 0.0 5.97 0.67 1 6.64818620682 engnx02a.utdallas.edu 1733457315.53 1733457322.18 1 0.0360589027405 6.60970115662 0.00208282470703 0.0075991153717 0.00064492225647 6.58362007141 0.0 0.0 0.0 0.0 0.0 0.0 0.0 0.0}
replayTaskStats AOI21 delay__C__hl__OUT__lh__ACQ_1 {0.08 0.01 6.02 0.69 1 6.741959095 engnx02a.utdallas.edu 1733457322.18 1733457328.92 1 0.0546329021454 6.6845870018 0.00194597244263 0.00805115699768 0.000849008560181 6.65478086472 0.0 0.0 0.0 0.0 0.0 0.0 0.0 0.0}
replayTaskStats AOI21 delay__A__lh__OUT__hl__ACQ_1 {0.06 0.01 5.98 0.72 1 6.73234510422 engnx02a.utdallas.edu 1733457328.92 1733457335.65 1 0.0389430522919 6.69060087204 0.00191879272461 0.00708293914795 0.000619173049927 6.66499686241 0.0 0.0 0.0 0.0 0.0 0.0 0.0 0.0}
replayTaskStats AOI21 leakage_power__ACQ_1 {0.04 0.01 5.75 0.67 1 6.41869306564 engnx02a.utdallas.edu 1733457342.37 1733457348.79 1 0.0277721881866 6.38818407059 0.00196409225464 0.00525093078613 0.00240588188171 6.36724090576 0.0 0.0 0.0 0.0 0.0 0.0 0.0 0.0}
replayTaskStats AOI21 delay__A__hl__OUT__lh__ACQ_1 {0.06 0.0 6.04 0.67 1 6.71858811378 engnx02a.utdallas.edu 1733457335.65 1733457342.37 1 0.0375289916992 6.67847013474 0.00192594528198 0.00720000267029 0.000685930252075 6.65241599083 0.0 0.0 0.0 0.0 0.0 0.0 0.0 0.0}
replayTaskStats AOI21 Cin__VSS__lh__ACQ_1 {0.05 0.0 5.83 0.68 1 6.50973916054 engnx02a.utdallas.edu 1733457348.79 1733457355.3 1 0.0345938205719 6.47260093689 0.00209784507751 0.00504612922668 0.000717878341675 6.4530339241 0.0 0.0 0.0 0.0 0.0 0.0 0.0 0.0}
replayTaskStats AOI21 Cin__VSS__hl__ACQ_1 {0.04 0.01 5.99 0.68 1 6.66996002197 engnx02a.utdallas.edu 1733457355.3 1733457361.97 1 0.032105922699 6.63530611992 0.00191903114319 0.00532603263855 0.000691890716553 6.61550712585 0.0 0.0 0.0 0.0 0.0 0.0 0.0 0.0}
replayTaskStats AOI21 Cin__VDD__lh__ACQ_1 {0.05 0.01 5.75 0.71 1 6.4506881237 engnx02a.utdallas.edu 1733457361.97 1733457368.42 1 0.0302889347076 6.41774702072 0.00200200080872 0.00462317466736 0.000694990158081 6.39879798889 0.0 0.0 0.0 0.0 0.0 0.0 0.0 0.0}
replayTaskStats AOI21 Cin__VDD__hl__ACQ_1 {0.04 0.0 5.76 0.69 1 6.45355510712 engnx02a.utdallas.edu 1733457368.42 1733457374.88 1 0.0313880443573 6.41967701912 0.00200700759888 0.00522494316101 0.000688076019287 6.40001988411 0.0 0.0 0.0 0.0 0.0 0.0 0.0 0.0}
replayTaskStats AOI21 modeling {0.18 0.01 0.0 0.0 1 0.198712110519 engnx02a.utdallas.edu 1733457441.68 1733457441.88 1}
